test_id,des_value
88_49720263_sleeve_length_type,INVALID
88_49723330_sleeve_length_type,Sin Manga
88_49714701_sleeve_length_type,Corta
88_49708014_sleeve_length_type,Corta
88_49713779_sleeve_length_type,INVALID
88_49705287_sleeve_length_type,Larga
88_49720333_sleeve_length_type,Corta
88_49713338_sleeve_length_type,INVALID
88_49713027_sleeve_length_type,Larga
88_49726487_sleeve_length_type,Larga
88_49724677_sleeve_length_type,INVALID
88_49716824_sleeve_length_type,INVALID
88_49714705_sleeve_length_type,INVALID
88_49712039_sleeve_length_type,Larga
88_49713884_sleeve_length_type,INVALID
88_49721139_sleeve_length_type,INVALID
88_49731283_sleeve_length_type,Corta
88_49718170_sleeve_length_type,Larga
88_49707229_sleeve_length_type,INVALID
88_49710931_sleeve_length_type,Larga
88_49731843_sleeve_length_type,Larga
88_49729343_sleeve_length_type,Larga
88_49711240_sleeve_length_type,Larga
88_49726181_sleeve_length_type,INVALID
88_49720763_sleeve_length_type,INVALID
88_49714718_sleeve_length_type,INVALID
88_49716271_sleeve_length_type,INVALID
88_49714023_sleeve_length_type,INVALID
88_49723194_sleeve_length_type,INVALID
88_49719846_sleeve_length_type,Larga
88_49729474_sleeve_length_type,Sin Manga
88_49731865_sleeve_length_type,Corta
88_49722633_sleeve_length_type,INVALID
88_49722244_sleeve_length_type,Tirante Fino
88_49718649_sleeve_length_type,Larga
88_49723217_sleeve_length_type,INVALID
88_49708541_sleeve_length_type,INVALID
88_49719954_sleeve_length_type,Larga
88_49711200_sleeve_length_type,Larga
88_49712579_sleeve_length_type,INVALID
88_49723163_sleeve_length_type,Larga
88_49719412_sleeve_length_type,INVALID
88_49736557_sleeve_length_type,Corta
88_49718623_sleeve_length_type,Corta
88_49727920_sleeve_length_type,Larga
88_49719322_sleeve_length_type,Larga
88_49708515_sleeve_length_type,Larga
88_49740978_sleeve_length_type,INVALID
88_49719111_sleeve_length_type,Corta
88_49724232_sleeve_length_type,Corta
88_49717972_sleeve_length_type,INVALID
88_49719705_sleeve_length_type,Larga
88_49735128_sleeve_length_type,Larga
88_49722052_sleeve_length_type,INVALID
88_49712220_sleeve_length_type,INVALID
88_49724587_sleeve_length_type,Larga
88_49725593_sleeve_length_type,INVALID
88_49720342_sleeve_length_type,INVALID
88_49726177_sleeve_length_type,Larga
88_49732117_sleeve_length_type,Corta
88_49719352_sleeve_length_type,INVALID
88_49713588_sleeve_length_type,INVALID
88_49715055_sleeve_length_type,INVALID
88_49717697_sleeve_length_type,Larga
88_49724080_sleeve_length_type,INVALID
88_49731805_sleeve_length_type,INVALID
88_49707253_sleeve_length_type,INVALID
88_49732372_sleeve_length_type,Corta
88_49717409_sleeve_length_type,Larga
88_49719944_sleeve_length_type,INVALID
88_49722609_sleeve_length_type,Corta
88_49709595_sleeve_length_type,Corta
88_49722611_sleeve_length_type,Corta
88_49723343_sleeve_length_type,INVALID
88_49711236_sleeve_length_type,Larga
88_49717563_sleeve_length_type,Larga
88_49718822_sleeve_length_type,Larga
88_49714737_sleeve_length_type,Larga
88_49720918_sleeve_length_type,INVALID
88_49711207_sleeve_length_type,Tirante Ancho
88_49711031_sleeve_length_type,Corta
88_49722252_sleeve_length_type,Corta
88_49722689_sleeve_length_type,Corta
88_49722718_sleeve_length_type,INVALID
88_49710265_sleeve_length_type,Larga
88_49713964_sleeve_length_type,INVALID
88_49713057_sleeve_length_type,Larga
88_49712556_sleeve_length_type,INVALID
88_49719110_sleeve_length_type,Larga
88_49731270_sleeve_length_type,Larga
88_49711377_sleeve_length_type,Larga
88_49720024_sleeve_length_type,Larga
88_49719287_sleeve_length_type,INVALID
88_49724681_sleeve_length_type,INVALID
88_49713006_sleeve_length_type,INVALID
88_49719266_sleeve_length_type,INVALID
88_49728165_sleeve_length_type,Larga
88_49710636_sleeve_length_type,INVALID
88_49727328_sleeve_length_type,Larga
88_49711192_sleeve_length_type,INVALID
88_49731003_sleeve_length_type,Larga
88_49719655_sleeve_length_type,INVALID
88_49727332_sleeve_length_type,INVALID
88_49733106_sleeve_length_type,Corta
88_49724572_sleeve_length_type,Larga
88_49719413_sleeve_length_type,Larga
88_49713028_sleeve_length_type,Larga
88_49730224_sleeve_length_type,Sin Manga
88_49706783_sleeve_length_type,Larga
88_49721702_sleeve_length_type,Larga
88_49724593_sleeve_length_type,Tirante Fino
88_49723042_sleeve_length_type,Larga
88_49725605_sleeve_length_type,INVALID
88_49710291_sleeve_length_type,INVALID
88_49729767_sleeve_length_type,Larga
88_49730310_sleeve_length_type,INVALID
88_49717894_sleeve_length_type,Larga
88_49714370_sleeve_length_type,Larga
88_49727077_sleeve_length_type,Corta
88_49731042_sleeve_length_type,INVALID
88_49712400_sleeve_length_type,INVALID
88_49718178_sleeve_length_type,Larga
88_49732122_sleeve_length_type,INVALID
88_49727377_sleeve_length_type,Larga
88_49732377_sleeve_length_type,INVALID
88_49730273_sleeve_length_type,Tirante Fino
88_49727067_sleeve_length_type,Larga
88_49722973_sleeve_length_type,Corta
88_49720002_sleeve_length_type,Larga
88_49714940_sleeve_length_type,INVALID
88_49709405_sleeve_length_type,INVALID
88_49729119_sleeve_length_type,Larga
88_49714119_sleeve_length_type,Larga
88_49712410_sleeve_length_type,Larga
88_49729520_sleeve_length_type,Larga
88_49710549_sleeve_length_type,INVALID
88_49721666_sleeve_length_type,Larga
88_49731004_sleeve_length_type,INVALID
88_49725755_sleeve_length_type,Corta
88_49718616_sleeve_length_type,Larga
88_49719284_sleeve_length_type,Corta
88_49733871_sleeve_length_type,INVALID
88_49722975_sleeve_length_type,Corta
88_49729534_sleeve_length_type,Larga
88_49714122_sleeve_length_type,INVALID
88_49710195_sleeve_length_type,INVALID
88_49721370_sleeve_length_type,INVALID
88_49718784_sleeve_length_type,Larga
88_49731312_sleeve_length_type,Larga
88_49715185_sleeve_length_type,Larga
88_49722727_sleeve_length_type,Larga
88_49714927_sleeve_length_type,Larga
88_49714694_sleeve_length_type,INVALID
88_49720694_sleeve_length_type,INVALID
88_49714966_sleeve_length_type,Larga
88_49730986_sleeve_length_type,Corta
88_49707283_sleeve_length_type,Larga
88_49714899_sleeve_length_type,Corta
88_49726510_sleeve_length_type,INVALID
88_49714104_sleeve_length_type,INVALID
88_49720945_sleeve_length_type,INVALID
88_49712054_sleeve_length_type,INVALID
88_49719363_sleeve_length_type,INVALID
88_49707221_sleeve_length_type,INVALID
88_49731332_sleeve_length_type,Larga
88_49720813_sleeve_length_type,Larga
88_49712358_sleeve_length_type,Larga
88_49718640_sleeve_length_type,INVALID
88_49712984_sleeve_length_type,Larga
88_49716256_sleeve_length_type,INVALID
88_49712382_sleeve_length_type,Larga
88_49718150_sleeve_length_type,Larga
88_49719645_sleeve_length_type,Corta
88_49708313_sleeve_length_type,INVALID
88_49718970_sleeve_length_type,Corta
88_49720053_sleeve_length_type,Larga
88_49723881_sleeve_length_type,INVALID
88_49734273_sleeve_length_type,Sin Manga
88_49717555_sleeve_length_type,INVALID
88_49724962_sleeve_length_type,Larga
88_49711108_sleeve_length_type,Sin Manga
88_49735947_sleeve_length_type,Larga
88_49719418_sleeve_length_type,INVALID
88_49717022_sleeve_length_type,Larga
88_49726628_sleeve_length_type,Larga
88_49719988_sleeve_length_type,Larga
88_49719674_sleeve_length_type,Larga
88_49727096_sleeve_length_type,INVALID
88_49720860_sleeve_length_type,INVALID
88_49724281_sleeve_length_type,Larga
88_49717749_sleeve_length_type,Corta
88_49715926_sleeve_length_type,INVALID
88_49719400_sleeve_length_type,Corta
88_49721965_sleeve_length_type,Larga
88_49732104_sleeve_length_type,Larga
88_49714015_sleeve_length_type,Larga
88_49720063_sleeve_length_type,INVALID
88_49721714_sleeve_length_type,Sin Manga
88_49726848_sleeve_length_type,Sin Manga
88_49714704_sleeve_length_type,Larga
88_49712725_sleeve_length_type,Larga
88_49725801_sleeve_length_type,Larga
88_49711047_sleeve_length_type,Corta
88_49722078_sleeve_length_type,Larga
88_49720791_sleeve_length_type,Larga
88_49712861_sleeve_length_type,Sin Manga
88_49721962_sleeve_length_type,Larga
88_49734557_sleeve_length_type,INVALID
88_49708349_sleeve_length_type,Larga
88_49734283_sleeve_length_type,Tirante Fino
88_49726642_sleeve_length_type,INVALID
88_49710642_sleeve_length_type,INVALID
88_49713917_sleeve_length_type,Larga
88_49723262_sleeve_length_type,INVALID
88_49717019_sleeve_length_type,Larga
88_49709817_sleeve_length_type,INVALID
88_49724157_sleeve_length_type,INVALID
88_49712063_sleeve_length_type,INVALID
88_49719922_sleeve_length_type,INVALID
88_49716511_sleeve_length_type,Larga
88_49715363_sleeve_length_type,INVALID
88_49711202_sleeve_length_type,Corta
88_49727927_sleeve_length_type,INVALID
88_49716499_sleeve_length_type,Larga
88_49726885_sleeve_length_type,INVALID
88_49734156_sleeve_length_type,Larga
88_49727529_sleeve_length_type,Larga
88_49712840_sleeve_length_type,Larga
88_49717312_sleeve_length_type,INVALID
88_49712863_sleeve_length_type,Sin Manga
88_49711384_sleeve_length_type,INVALID
88_49730996_sleeve_length_type,Larga
88_49720320_sleeve_length_type,INVALID
88_49731327_sleeve_length_type,INVALID
88_49723312_sleeve_length_type,Larga
88_49716782_sleeve_length_type,INVALID
88_49714096_sleeve_length_type,Sin Manga
88_49710891_sleeve_length_type,Larga
88_49717012_sleeve_length_type,Larga
88_49719279_sleeve_length_type,Larga
88_49718829_sleeve_length_type,Corta
88_49731698_sleeve_length_type,Larga
88_49731688_sleeve_length_type,Tirante Fino
88_49714697_sleeve_length_type,Larga
88_49745420_sleeve_length_type,INVALID
88_49720003_sleeve_length_type,Larga
88_49713334_sleeve_length_type,Larga
88_49728491_sleeve_length_type,INVALID
88_49727632_sleeve_length_type,INVALID
88_49713813_sleeve_length_type,INVALID
88_49735309_sleeve_length_type,Larga
88_49717536_sleeve_length_type,Larga
88_49721449_sleeve_length_type,Corta
88_49723880_sleeve_length_type,INVALID
88_49719127_sleeve_length_type,INVALID
88_49721132_sleeve_length_type,INVALID
88_49722654_sleeve_length_type,INVALID
88_49713048_sleeve_length_type,Larga
88_49713010_sleeve_length_type,INVALID
88_49717025_sleeve_length_type,INVALID
88_49719949_sleeve_length_type,INVALID
88_49719364_sleeve_length_type,Tirante Ancho
88_49722020_sleeve_length_type,INVALID
88_49718189_sleeve_length_type,INVALID
88_49734571_sleeve_length_type,Larga
88_49729518_sleeve_length_type,Larga
88_49714909_sleeve_length_type,Larga
88_49723209_sleeve_length_type,INVALID
88_49713824_sleeve_length_type,INVALID
88_49720059_sleeve_length_type,INVALID
88_49713802_sleeve_length_type,INVALID
88_49729935_sleeve_length_type,Sin Manga
88_49727930_sleeve_length_type,Larga
88_49713930_sleeve_length_type,INVALID
88_49713773_sleeve_length_type,Larga
88_49713800_sleeve_length_type,Corta
88_49725176_sleeve_length_type,INVALID
88_49717715_sleeve_length_type,Larga
88_49714706_sleeve_length_type,Larga
88_49715207_sleeve_length_type,Corta
88_49721405_sleeve_length_type,INVALID
88_49719383_sleeve_length_type,INVALID
88_49729533_sleeve_length_type,INVALID
88_49726824_sleeve_length_type,INVALID
88_49719018_sleeve_length_type,INVALID
88_49732272_sleeve_length_type,Larga
88_49713011_sleeve_length_type,Larga
88_49718978_sleeve_length_type,INVALID
88_49726784_sleeve_length_type,INVALID
88_49711114_sleeve_length_type,INVALID
88_49727287_sleeve_length_type,INVALID
88_49731387_sleeve_length_type,Larga
88_49712551_sleeve_length_type,INVALID
88_49710880_sleeve_length_type,Larga
88_49719286_sleeve_length_type,Larga
88_49722087_sleeve_length_type,Larga
88_49720933_sleeve_length_type,INVALID
88_49711028_sleeve_length_type,Corta
88_49720302_sleeve_length_type,INVALID
88_49711826_sleeve_length_type,Larga
88_49726627_sleeve_length_type,Larga
88_49728865_sleeve_length_type,INVALID
88_49729853_sleeve_length_type,Corta
88_49714904_sleeve_length_type,INVALID
88_49725830_sleeve_length_type,Tirante Fino
88_49723609_sleeve_length_type,Larga
88_49730290_sleeve_length_type,Larga
88_49719007_sleeve_length_type,Corta
88_49729294_sleeve_length_type,INVALID
88_49715513_sleeve_length_type,Sin Manga
88_49728505_sleeve_length_type,INVALID
88_49723210_sleeve_length_type,INVALID
88_49711037_sleeve_length_type,Larga
88_49728508_sleeve_length_type,INVALID
88_49729327_sleeve_length_type,INVALID
88_49711125_sleeve_length_type,INVALID
88_49720939_sleeve_length_type,INVALID
88_49726132_sleeve_length_type,INVALID
88_49720805_sleeve_length_type,INVALID
88_49720012_sleeve_length_type,Corta
88_49708367_sleeve_length_type,INVALID
88_49728191_sleeve_length_type,Corta
88_49714060_sleeve_length_type,INVALID
88_49709837_sleeve_length_type,INVALID
88_49724893_sleeve_length_type,Corta
88_49728453_sleeve_length_type,INVALID
88_49721741_sleeve_length_type,Tirante Ancho
88_49709867_sleeve_length_type,Sin Manga
88_49727070_sleeve_length_type,INVALID
88_49729769_sleeve_length_type,INVALID
88_49723026_sleeve_length_type,Larga
88_49724160_sleeve_length_type,Tirante Fino
88_49710538_sleeve_length_type,INVALID
88_49729925_sleeve_length_type,Corta
88_49714713_sleeve_length_type,Larga
88_49722648_sleeve_length_type,Larga
88_49713004_sleeve_length_type,Larga
88_49721365_sleeve_length_type,Larga
88_49719015_sleeve_length_type,INVALID
88_49720771_sleeve_length_type,Corta
88_49709379_sleeve_length_type,INVALID
88_49724154_sleeve_length_type,Larga
88_49723314_sleeve_length_type,Larga
88_49730275_sleeve_length_type,INVALID
88_49713788_sleeve_length_type,Larga
88_49728857_sleeve_length_type,Larga
88_49711612_sleeve_length_type,Larga
88_49717566_sleeve_length_type,Larga
88_49722499_sleeve_length_type,INVALID
88_49705288_sleeve_length_type,Larga
88_49718821_sleeve_length_type,Larga
88_49715784_sleeve_length_type,Larga
88_49711329_sleeve_length_type,Corta
88_49723004_sleeve_length_type,INVALID
88_49716273_sleeve_length_type,INVALID
88_49715355_sleeve_length_type,INVALID
88_49712997_sleeve_length_type,Larga
88_49719385_sleeve_length_type,Larga
88_49741933_sleeve_length_type,Larga
88_49720711_sleeve_length_type,INVALID
88_49715780_sleeve_length_type,Larga
88_49719336_sleeve_length_type,INVALID
88_49719140_sleeve_length_type,Corta
88_49722428_sleeve_length_type,Corta
88_49724267_sleeve_length_type,INVALID
88_49726511_sleeve_length_type,INVALID
88_49723904_sleeve_length_type,Larga
88_49728484_sleeve_length_type,Larga
88_49720824_sleeve_length_type,Larga
88_49716375_sleeve_length_type,Larga
88_49712058_sleeve_length_type,Corta
88_49713421_sleeve_length_type,INVALID
88_49714064_sleeve_length_type,Corta
88_49737957_sleeve_length_type,Corta
88_49711168_sleeve_length_type,INVALID
88_49708034_sleeve_length_type,Larga
88_49712593_sleeve_length_type,INVALID
88_49720820_sleeve_length_type,Larga
88_49713603_sleeve_length_type,Larga
88_49715524_sleeve_length_type,Larga
88_49719967_sleeve_length_type,Larga
88_49727519_sleeve_length_type,Larga
88_49720335_sleeve_length_type,INVALID
88_49727347_sleeve_length_type,Larga
88_49713618_sleeve_length_type,Larga
88_49733666_sleeve_length_type,Corta
88_49727623_sleeve_length_type,Sin Manga
88_49717854_sleeve_length_type,Larga
88_49714009_sleeve_length_type,INVALID
88_49724103_sleeve_length_type,INVALID
88_49722721_sleeve_length_type,INVALID
88_49712597_sleeve_length_type,INVALID
88_49733144_sleeve_length_type,Larga
88_49738692_sleeve_length_type,INVALID
88_49721428_sleeve_length_type,INVALID
88_49724937_sleeve_length_type,Larga
88_49730479_sleeve_length_type,INVALID
88_49714087_sleeve_length_type,INVALID
88_49727960_sleeve_length_type,Larga
88_49709578_sleeve_length_type,Larga
88_49720054_sleeve_length_type,Larga
88_49725230_sleeve_length_type,INVALID
88_49726871_sleeve_length_type,Larga
88_49717316_sleeve_length_type,INVALID
88_49711129_sleeve_length_type,Larga
88_49729113_sleeve_length_type,Corta
88_49714957_sleeve_length_type,INVALID
88_49711235_sleeve_length_type,Larga
88_49717313_sleeve_length_type,INVALID
88_49707264_sleeve_length_type,Larga
88_49724275_sleeve_length_type,INVALID
88_49731318_sleeve_length_type,INVALID
88_49722639_sleeve_length_type,INVALID
88_49713061_sleeve_length_type,Larga
88_49712221_sleeve_length_type,INVALID
88_49729506_sleeve_length_type,INVALID
88_49713391_sleeve_length_type,INVALID
88_49731342_sleeve_length_type,Corta
88_49713951_sleeve_length_type,INVALID
88_49728187_sleeve_length_type,Larga
88_49721971_sleeve_length_type,INVALID
88_49721703_sleeve_length_type,Corta
88_49729717_sleeve_length_type,Larga
88_49730293_sleeve_length_type,INVALID
88_49712719_sleeve_length_type,Larga
88_49720058_sleeve_length_type,INVALID
88_49734285_sleeve_length_type,Larga
88_49726834_sleeve_length_type,Larga
88_49728170_sleeve_length_type,Larga
88_49722776_sleeve_length_type,Larga
88_49716819_sleeve_length_type,INVALID
88_49724934_sleeve_length_type,Larga
88_49711154_sleeve_length_type,Larga
88_49711237_sleeve_length_type,Larga
88_49708022_sleeve_length_type,Corta
88_49727723_sleeve_length_type,Tirante Fino
88_49719706_sleeve_length_type,Larga
88_49725178_sleeve_length_type,Corta
88_49713807_sleeve_length_type,INVALID
88_49722679_sleeve_length_type,Sin Manga
88_49723045_sleeve_length_type,INVALID
88_49719316_sleeve_length_type,INVALID
88_49718204_sleeve_length_type,Larga
88_49711021_sleeve_length_type,Larga
88_49739287_sleeve_length_type,Larga
88_49730486_sleeve_length_type,INVALID
88_49720930_sleeve_length_type,INVALID
88_49735304_sleeve_length_type,Corta
88_49731853_sleeve_length_type,Tirante Fino
88_49711620_sleeve_length_type,INVALID
88_49706787_sleeve_length_type,Larga
88_49717895_sleeve_length_type,Larga
88_49710244_sleeve_length_type,INVALID
88_49734809_sleeve_length_type,Corta
88_49716353_sleeve_length_type,Larga
88_49727934_sleeve_length_type,Larga
88_49722669_sleeve_length_type,Corta
88_49711040_sleeve_length_type,INVALID
88_49714684_sleeve_length_type,Larga
88_49714360_sleeve_length_type,INVALID
88_49727807_sleeve_length_type,Larga
88_49717302_sleeve_length_type,INVALID
88_49733150_sleeve_length_type,INVALID
88_49713794_sleeve_length_type,Larga
88_49729884_sleeve_length_type,Sin Manga
88_49710883_sleeve_length_type,Larga
88_49728876_sleeve_length_type,Larga
88_49725815_sleeve_length_type,Corta
88_49719703_sleeve_length_type,INVALID
88_49725816_sleeve_length_type,Tirante Ancho
88_49731390_sleeve_length_type,Tirante Ancho
88_49729125_sleeve_length_type,Larga
88_49717989_sleeve_length_type,INVALID
88_49712062_sleeve_length_type,INVALID
88_49730228_sleeve_length_type,Sin Manga
88_49716628_sleeve_length_type,Larga
88_49713414_sleeve_length_type,Larga
88_49718871_sleeve_length_type,INVALID
88_49725573_sleeve_length_type,INVALID
88_49726169_sleeve_length_type,Larga
88_49730499_sleeve_length_type,Corta
88_49728882_sleeve_length_type,Corta
88_49719707_sleeve_length_type,INVALID
88_49715776_sleeve_length_type,Larga
88_49724629_sleeve_length_type,Tirante Fino
88_49713625_sleeve_length_type,Tirante Ancho
88_49728706_sleeve_length_type,Larga
88_49731829_sleeve_length_type,Larga
88_49708008_sleeve_length_type,Corta
88_49721759_sleeve_length_type,INVALID
88_49715382_sleeve_length_type,Larga
88_49713900_sleeve_length_type,INVALID
88_49712711_sleeve_length_type,INVALID
88_49708046_sleeve_length_type,Larga
88_49720013_sleeve_length_type,Larga
88_49719312_sleeve_length_type,INVALID
88_49725169_sleeve_length_type,Sin Manga
88_49731849_sleeve_length_type,INVALID
88_49726890_sleeve_length_type,INVALID
88_49715888_sleeve_length_type,Larga
88_49725195_sleeve_length_type,Larga
88_49714714_sleeve_length_type,Larga
88_49715202_sleeve_length_type,Larga
88_49722209_sleeve_length_type,INVALID
88_49723275_sleeve_length_type,Corta
88_49734606_sleeve_length_type,INVALID
88_49732289_sleeve_length_type,INVALID
88_49714924_sleeve_length_type,INVALID
88_49719897_sleeve_length_type,Larga
88_49712873_sleeve_length_type,Larga
88_49706228_sleeve_length_type,Larga
88_49731348_sleeve_length_type,Sin Manga
88_49711363_sleeve_length_type,INVALID
88_49728627_sleeve_length_type,Sin Manga
88_49727599_sleeve_length_type,Larga
88_49722063_sleeve_length_type,Sin Manga
88_49713835_sleeve_length_type,INVALID
88_49711014_sleeve_length_type,Larga
88_49719841_sleeve_length_type,Corta
88_49714102_sleeve_length_type,Larga
88_49730216_sleeve_length_type,Larga
88_49710928_sleeve_length_type,Larga
88_49711117_sleeve_length_type,Larga
88_49733870_sleeve_length_type,INVALID
88_49724616_sleeve_length_type,INVALID
88_49714055_sleeve_length_type,INVALID
88_49719704_sleeve_length_type,Larga
88_49720730_sleeve_length_type,Larga
88_49719925_sleeve_length_type,Corta
88_49729458_sleeve_length_type,Larga
88_49733478_sleeve_length_type,Corta
88_49720334_sleeve_length_type,Larga
88_49731409_sleeve_length_type,INVALID
88_49721118_sleeve_length_type,Larga
88_49727798_sleeve_length_type,INVALID
88_49714362_sleeve_length_type,Larga
88_49717326_sleeve_length_type,INVALID
88_49734596_sleeve_length_type,Larga
88_49720073_sleeve_length_type,INVALID
88_49719273_sleeve_length_type,INVALID
88_49708357_sleeve_length_type,INVALID
88_49727518_sleeve_length_type,Larga
88_49731851_sleeve_length_type,Larga
88_49723311_sleeve_length_type,INVALID
88_49720917_sleeve_length_type,Sin Manga
88_49725767_sleeve_length_type,Corta
88_49716828_sleeve_length_type,INVALID
88_49723021_sleeve_length_type,Larga
88_49721736_sleeve_length_type,Larga
88_49711370_sleeve_length_type,INVALID
88_49731440_sleeve_length_type,Corta
88_49733108_sleeve_length_type,Larga
88_49721369_sleeve_length_type,INVALID
88_49713939_sleeve_length_type,INVALID
88_49716257_sleeve_length_type,INVALID
88_49716101_sleeve_length_type,INVALID
88_49722658_sleeve_length_type,Larga
88_49721728_sleeve_length_type,INVALID
88_49711219_sleeve_length_type,Larga
88_49707291_sleeve_length_type,Larga
88_49723066_sleeve_length_type,INVALID
88_49729754_sleeve_length_type,Corta
88_49722451_sleeve_length_type,INVALID
88_49727353_sleeve_length_type,Larga
88_49713630_sleeve_length_type,INVALID
88_49713827_sleeve_length_type,Larga
88_49735787_sleeve_length_type,INVALID
88_49724266_sleeve_length_type,Tirante Fino
88_49708043_sleeve_length_type,Larga
88_49722494_sleeve_length_type,Corta
88_49713096_sleeve_length_type,Larga
88_49719389_sleeve_length_type,Corta
88_49710553_sleeve_length_type,INVALID
88_49720280_sleeve_length_type,INVALID
88_49718200_sleeve_length_type,Corta
88_49719419_sleeve_length_type,INVALID
88_49706431_sleeve_length_type,Larga
88_49720347_sleeve_length_type,INVALID
88_49729521_sleeve_length_type,INVALID
88_49721745_sleeve_length_type,Larga
88_49710197_sleeve_length_type,INVALID
88_49725248_sleeve_length_type,Larga
88_49727605_sleeve_length_type,Larga
88_49717744_sleeve_length_type,INVALID
88_49720327_sleeve_length_type,INVALID
88_49731828_sleeve_length_type,Corta
88_49715335_sleeve_length_type,Larga
88_49720753_sleeve_length_type,INVALID
88_49712589_sleeve_length_type,INVALID
88_49719008_sleeve_length_type,Larga
88_49717542_sleeve_length_type,INVALID
88_49722668_sleeve_length_type,Larga
88_49711195_sleeve_length_type,Larga
88_49722610_sleeve_length_type,Corta
88_49729114_sleeve_length_type,Larga
88_49710488_sleeve_length_type,Larga
88_49727725_sleeve_length_type,INVALID
88_49714692_sleeve_length_type,INVALID
88_49717528_sleeve_length_type,Larga
88_49711365_sleeve_length_type,INVALID
88_49732369_sleeve_length_type,INVALID
88_49731870_sleeve_length_type,Corta
88_49724958_sleeve_length_type,INVALID
88_49723007_sleeve_length_type,Larga
88_49716507_sleeve_length_type,Larga
88_49709861_sleeve_length_type,Sin Manga
88_49712751_sleeve_length_type,Larga
88_49713593_sleeve_length_type,INVALID
88_49729922_sleeve_length_type,Larga
88_49733680_sleeve_length_type,INVALID
88_49715930_sleeve_length_type,INVALID
88_49731028_sleeve_length_type,INVALID
88_49709421_sleeve_length_type,Larga
88_49731014_sleeve_length_type,INVALID
88_49719628_sleeve_length_type,Larga
88_49718964_sleeve_length_type,Corta
88_49718632_sleeve_length_type,Larga
88_49719116_sleeve_length_type,Corta
88_49722207_sleeve_length_type,Larga
88_49714943_sleeve_length_type,INVALID
88_49729491_sleeve_length_type,Larga
88_49715676_sleeve_length_type,INVALID
88_49723879_sleeve_length_type,INVALID
88_49716361_sleeve_length_type,INVALID
88_49708305_sleeve_length_type,INVALID
88_49721363_sleeve_length_type,Corta
88_49713072_sleeve_length_type,INVALID
88_49726516_sleeve_length_type,INVALID
88_49725252_sleeve_length_type,Larga
88_49709455_sleeve_length_type,INVALID
88_49718208_sleeve_length_type,Larga
88_49706909_sleeve_length_type,INVALID
88_49736544_sleeve_length_type,INVALID
88_49728892_sleeve_length_type,INVALID
88_49732108_sleeve_length_type,Larga
88_49713626_sleeve_length_type,Larga
88_49734585_sleeve_length_type,Larga
88_49711216_sleeve_length_type,Larga
88_49724074_sleeve_length_type,Corta
88_49725372_sleeve_length_type,Corta
88_49729530_sleeve_length_type,Tirante Fino
88_49709456_sleeve_length_type,INVALID
88_49733973_sleeve_length_type,Sin Manga
88_49712994_sleeve_length_type,Larga
88_49731683_sleeve_length_type,Tirante Ancho
88_49717957_sleeve_length_type,Larga
88_49722997_sleeve_length_type,INVALID
88_49712856_sleeve_length_type,INVALID
88_49726876_sleeve_length_type,INVALID
88_49713760_sleeve_length_type,Larga
88_49724625_sleeve_length_type,Tirante Ancho
88_49715177_sleeve_length_type,Larga
88_49736185_sleeve_length_type,INVALID
88_49728445_sleeve_length_type,Corta
88_49719090_sleeve_length_type,Corta
88_49726144_sleeve_length_type,INVALID
88_49728707_sleeve_length_type,INVALID
88_49729338_sleeve_length_type,INVALID
88_49727330_sleeve_length_type,INVALID
88_49727738_sleeve_length_type,Larga
88_49711036_sleeve_length_type,Larga
88_49714691_sleeve_length_type,Larga
88_49713890_sleeve_length_type,Larga
88_49713902_sleeve_length_type,INVALID
88_49719927_sleeve_length_type,Larga
88_49722996_sleeve_length_type,Corta
88_49719924_sleeve_length_type,INVALID
88_49727540_sleeve_length_type,Larga
88_49714896_sleeve_length_type,Larga
88_49715212_sleeve_length_type,INVALID
88_49720295_sleeve_length_type,INVALID
88_49711349_sleeve_length_type,Larga
88_49709566_sleeve_length_type,INVALID
88_49728519_sleeve_length_type,Corta
88_49711218_sleeve_length_type,Larga
88_49718095_sleeve_length_type,Larga
88_49707232_sleeve_length_type,INVALID
88_49722198_sleeve_length_type,INVALID
88_49719093_sleeve_length_type,Larga
88_49707230_sleeve_length_type,INVALID
88_49716344_sleeve_length_type,Corta
88_49715303_sleeve_length_type,INVALID
88_49713771_sleeve_length_type,Sin Manga
88_49716813_sleeve_length_type,INVALID
88_49715367_sleeve_length_type,INVALID
88_49708011_sleeve_length_type,INVALID
88_49711331_sleeve_length_type,Corta
88_49730296_sleeve_length_type,Larga
88_49734574_sleeve_length_type,INVALID
88_49737690_sleeve_length_type,Corta
88_49716829_sleeve_length_type,INVALID
88_49717543_sleeve_length_type,INVALID
88_49729857_sleeve_length_type,Corta
88_49714716_sleeve_length_type,INVALID
88_49724249_sleeve_length_type,INVALID
88_49724285_sleeve_length_type,INVALID
88_49725812_sleeve_length_type,Larga
88_49708317_sleeve_length_type,INVALID
88_49712603_sleeve_length_type,Larga
88_49722781_sleeve_length_type,INVALID
88_49726131_sleeve_length_type,INVALID
88_49726152_sleeve_length_type,INVALID
88_49723029_sleeve_length_type,INVALID
88_49728864_sleeve_length_type,INVALID
88_49734464_sleeve_length_type,Larga
88_49715902_sleeve_length_type,INVALID
88_49723859_sleeve_length_type,Sin Manga
88_49714077_sleeve_length_type,Larga
88_49721421_sleeve_length_type,Larga
88_49713614_sleeve_length_type,INVALID
88_49714700_sleeve_length_type,Larga
88_49715924_sleeve_length_type,Larga
88_49716621_sleeve_length_type,Larga
88_49725180_sleeve_length_type,Corta
88_49713949_sleeve_length_type,INVALID
88_49722757_sleeve_length_type,INVALID
88_49721723_sleeve_length_type,INVALID
88_49708044_sleeve_length_type,Larga
88_49723237_sleeve_length_type,Larga
88_49711358_sleeve_length_type,INVALID
88_49717417_sleeve_length_type,Larga
88_49734806_sleeve_length_type,Corta
88_49706906_sleeve_length_type,Corta
88_49727556_sleeve_length_type,Sin Manga
88_49721459_sleeve_length_type,INVALID
88_49731303_sleeve_length_type,INVALID
88_49714728_sleeve_length_type,INVALID
88_49714346_sleeve_length_type,INVALID
88_49735316_sleeve_length_type,INVALID
88_49728110_sleeve_length_type,Corta
88_49730271_sleeve_length_type,Corta
88_49719916_sleeve_length_type,INVALID
88_49714155_sleeve_length_type,Larga
88_49720928_sleeve_length_type,INVALID
88_49711382_sleeve_length_type,INVALID
88_49713343_sleeve_length_type,Larga
88_49722218_sleeve_length_type,INVALID
88_49725567_sleeve_length_type,Corta
88_49729111_sleeve_length_type,Corta
88_49713059_sleeve_length_type,Larga
88_49722977_sleeve_length_type,Corta
88_49724947_sleeve_length_type,INVALID
88_49723892_sleeve_length_type,INVALID
88_49717414_sleeve_length_type,INVALID
88_49734143_sleeve_length_type,INVALID
88_49713093_sleeve_length_type,INVALID
88_49719131_sleeve_length_type,Larga
88_49721704_sleeve_length_type,INVALID
88_49730270_sleeve_length_type,INVALID
88_49717298_sleeve_length_type,INVALID
88_49719293_sleeve_length_type,INVALID
88_49719684_sleeve_length_type,INVALID
88_49714911_sleeve_length_type,Larga
88_49727943_sleeve_length_type,Corta
88_49731319_sleeve_length_type,Corta
88_49712822_sleeve_length_type,Larga
88_49731015_sleeve_length_type,INVALID
88_49710552_sleeve_length_type,INVALID
88_49714041_sleeve_length_type,Sin Manga
88_49721752_sleeve_length_type,INVALID
88_49732344_sleeve_length_type,Corta
88_49724578_sleeve_length_type,Sin Manga
88_49729743_sleeve_length_type,Corta
88_49714952_sleeve_length_type,INVALID
88_49711618_sleeve_length_type,Larga
88_49721681_sleeve_length_type,INVALID
88_49714722_sleeve_length_type,Larga
88_49727370_sleeve_length_type,Larga
88_49713065_sleeve_length_type,INVALID
88_49731842_sleeve_length_type,Corta
88_49714031_sleeve_length_type,Larga
88_49729312_sleeve_length_type,Larga
88_49720276_sleeve_length_type,Larga
88_49725600_sleeve_length_type,INVALID
88_49727729_sleeve_length_type,INVALID
88_49726767_sleeve_length_type,Corta
88_49728853_sleeve_length_type,INVALID
88_49729744_sleeve_length_type,Larga
88_49711368_sleeve_length_type,Larga
88_49718169_sleeve_length_type,Larga
88_49717552_sleeve_length_type,Corta
88_49719839_sleeve_length_type,INVALID
88_49718787_sleeve_length_type,Corta
88_49712041_sleeve_length_type,Larga
88_49711111_sleeve_length_type,INVALID
88_49718119_sleeve_length_type,INVALID
88_49711091_sleeve_length_type,Corta
88_49725776_sleeve_length_type,Larga
88_49725241_sleeve_length_type,Larga
88_49711115_sleeve_length_type,INVALID
88_49725168_sleeve_length_type,INVALID
88_49724952_sleeve_length_type,Larga
88_49728518_sleeve_length_type,Larga
88_49710254_sleeve_length_type,Corta
88_49723028_sleeve_length_type,Larga
88_49720348_sleeve_length_type,INVALID
88_49727944_sleeve_length_type,Tirante Fino
88_49742775_sleeve_length_type,INVALID
88_49732107_sleeve_length_type,INVALID
88_49721671_sleeve_length_type,Larga
88_49711159_sleeve_length_type,Larga
88_49706772_sleeve_length_type,INVALID
88_49712864_sleeve_length_type,INVALID
88_49718433_sleeve_length_type,Larga
88_49726772_sleeve_length_type,Larga
88_49714901_sleeve_length_type,Corta
88_49714931_sleeve_length_type,INVALID
88_49715144_sleeve_length_type,INVALID
88_49729908_sleeve_length_type,INVALID
88_49705527_sleeve_length_type,Larga
88_49708518_sleeve_length_type,Larga
88_49734142_sleeve_length_type,INVALID
88_49716395_sleeve_length_type,Larga
88_49710641_sleeve_length_type,Corta
88_49715372_sleeve_length_type,Larga
88_49714916_sleeve_length_type,INVALID
88_49727925_sleeve_length_type,INVALID
88_49715188_sleeve_length_type,INVALID
88_49721385_sleeve_length_type,INVALID
88_49733149_sleeve_length_type,INVALID
88_49708548_sleeve_length_type,Larga
88_49708511_sleeve_length_type,Larga
88_49722457_sleeve_length_type,Sin Manga
88_49729849_sleeve_length_type,Corta
88_49722072_sleeve_length_type,Larga
88_49717874_sleeve_length_type,INVALID
88_49723888_sleeve_length_type,INVALID
88_49720346_sleeve_length_type,Larga
88_49718142_sleeve_length_type,Larga
88_49727299_sleeve_length_type,Corta
88_49708024_sleeve_length_type,Larga
88_49715512_sleeve_length_type,Corta
88_49728513_sleeve_length_type,INVALID
88_49713360_sleeve_length_type,INVALID
88_49732115_sleeve_length_type,Larga
88_49728617_sleeve_length_type,Corta
88_49724633_sleeve_length_type,Tirante Fino
88_49709801_sleeve_length_type,INVALID
88_49722498_sleeve_length_type,Larga
88_49710980_sleeve_length_type,Larga
88_49723280_sleeve_length_type,INVALID
88_49724602_sleeve_length_type,Larga
88_49734812_sleeve_length_type,INVALID
88_49712197_sleeve_length_type,Larga
88_49712578_sleeve_length_type,INVALID
88_49720786_sleeve_length_type,INVALID
88_49734861_sleeve_length_type,Sin Manga
88_49727283_sleeve_length_type,Corta
88_49733659_sleeve_length_type,Larga
88_49717419_sleeve_length_type,INVALID
88_49716119_sleeve_length_type,Larga
88_49724166_sleeve_length_type,Corta
88_49718861_sleeve_length_type,Larga
88_49718120_sleeve_length_type,INVALID
88_49721121_sleeve_length_type,INVALID
88_49720746_sleeve_length_type,INVALID
88_49723165_sleeve_length_type,INVALID
88_49721134_sleeve_length_type,Larga
88_49731344_sleeve_length_type,INVALID
88_49713814_sleeve_length_type,INVALID
88_49735307_sleeve_length_type,Larga
88_49719089_sleeve_length_type,Larga
88_49735325_sleeve_length_type,Tirante Ancho
88_49718595_sleeve_length_type,INVALID
88_49727302_sleeve_length_type,Larga
88_49726859_sleeve_length_type,INVALID
88_49733105_sleeve_length_type,Larga
88_49724209_sleeve_length_type,INVALID
88_49719629_sleeve_length_type,Corta
88_49711181_sleeve_length_type,INVALID
88_49734470_sleeve_length_type,INVALID
88_49715921_sleeve_length_type,Larga
88_49728855_sleeve_length_type,INVALID
88_49710501_sleeve_length_type,INVALID
88_49720016_sleeve_length_type,Larga
88_49726652_sleeve_length_type,INVALID
88_49731367_sleeve_length_type,INVALID
88_49720797_sleeve_length_type,Corta
88_49719862_sleeve_length_type,Corta
88_49709709_sleeve_length_type,Corta
88_49732275_sleeve_length_type,Corta
88_49724678_sleeve_length_type,Sin Manga
88_49718188_sleeve_length_type,Larga
88_49713420_sleeve_length_type,INVALID
88_49722626_sleeve_length_type,INVALID
88_49726810_sleeve_length_type,INVALID
88_49727105_sleeve_length_type,Larga
88_49711387_sleeve_length_type,INVALID
88_49730315_sleeve_length_type,INVALID
88_49731330_sleeve_length_type,INVALID
88_49733654_sleeve_length_type,INVALID
88_49727784_sleeve_length_type,INVALID
88_49729293_sleeve_length_type,Corta
88_49714729_sleeve_length_type,INVALID
88_49713894_sleeve_length_type,Larga
88_49729760_sleeve_length_type,INVALID
88_49724599_sleeve_length_type,Larga
88_49717016_sleeve_length_type,Larga
88_49717007_sleeve_length_type,Sin Manga
88_49718209_sleeve_length_type,INVALID
88_49717707_sleeve_length_type,INVALID
88_49720035_sleeve_length_type,Sin Manga
88_49724904_sleeve_length_type,Sin Manga
88_49712409_sleeve_length_type,INVALID
88_49719397_sleeve_length_type,Sin Manga
88_49728162_sleeve_length_type,Tirante Ancho
88_49712094_sleeve_length_type,Larga
88_49719255_sleeve_length_type,Corta
88_49710913_sleeve_length_type,Larga
88_49726650_sleeve_length_type,Larga
88_49731278_sleeve_length_type,Larga
88_49727935_sleeve_length_type,Tirante Ancho
88_49722065_sleeve_length_type,INVALID
88_49717535_sleeve_length_type,INVALID
88_49712217_sleeve_length_type,INVALID
88_49728631_sleeve_length_type,Corta
88_49716814_sleeve_length_type,INVALID
88_49724668_sleeve_length_type,Corta
88_49720281_sleeve_length_type,INVALID
88_49725215_sleeve_length_type,INVALID
88_49719803_sleeve_length_type,Corta
88_49731341_sleeve_length_type,INVALID
88_49713795_sleeve_length_type,Larga
88_49714732_sleeve_length_type,INVALID
88_49718444_sleeve_length_type,Corta
88_49724133_sleeve_length_type,Larga
88_49724951_sleeve_length_type,Larga
88_49720344_sleeve_length_type,INVALID
88_49735135_sleeve_length_type,INVALID
88_49719107_sleeve_length_type,Corta
88_49714070_sleeve_length_type,INVALID
88_49730283_sleeve_length_type,Corta
88_49713837_sleeve_length_type,INVALID
88_49729136_sleeve_length_type,Sin Manga
88_49718998_sleeve_length_type,INVALID
88_49707254_sleeve_length_type,INVALID
88_49713333_sleeve_length_type,Larga
88_49725361_sleeve_length_type,Larga
88_49710281_sleeve_length_type,Larga
88_49712818_sleeve_length_type,Larga
88_49728654_sleeve_length_type,INVALID
88_49718597_sleeve_length_type,Larga
88_49711334_sleeve_length_type,Larga
88_49720037_sleeve_length_type,INVALID
88_49714953_sleeve_length_type,INVALID
88_49717970_sleeve_length_type,Larga
88_49720809_sleeve_length_type,INVALID
88_49720751_sleeve_length_type,INVALID
88_49704446_sleeve_length_type,INVALID
88_49726785_sleeve_length_type,Larga
88_49707231_sleeve_length_type,INVALID
88_49718767_sleeve_length_type,INVALID
88_49729134_sleeve_length_type,INVALID
88_49728127_sleeve_length_type,Larga
88_49722741_sleeve_length_type,INVALID
88_49714902_sleeve_length_type,Larga
88_49715208_sleeve_length_type,INVALID
88_49713833_sleeve_length_type,INVALID
88_49710255_sleeve_length_type,Corta
88_49717523_sleeve_length_type,Larga
88_49713623_sleeve_length_type,Larga
88_49716401_sleeve_length_type,Larga
88_49727628_sleeve_length_type,Larga
88_49710579_sleeve_length_type,Sin Manga
88_49729750_sleeve_length_type,INVALID
88_49712743_sleeve_length_type,Larga
88_49731726_sleeve_length_type,INVALID
88_49725189_sleeve_length_type,Larga
88_49709599_sleeve_length_type,INVALID
88_49712032_sleeve_length_type,Larga
88_49711054_sleeve_length_type,Corta
88_49708539_sleeve_length_type,INVALID
88_49727062_sleeve_length_type,INVALID
88_49725376_sleeve_length_type,INVALID
88_49725799_sleeve_length_type,Larga
88_49717983_sleeve_length_type,Larga
88_49723342_sleeve_length_type,INVALID
88_49721769_sleeve_length_type,Larga
88_49708676_sleeve_length_type,INVALID
88_49730276_sleeve_length_type,Corta
88_49730861_sleeve_length_type,INVALID
88_49708542_sleeve_length_type,INVALID
88_49722985_sleeve_length_type,Corta
88_49736182_sleeve_length_type,Larga
88_49714011_sleeve_length_type,Larga
88_49712569_sleeve_length_type,Larga
88_49725828_sleeve_length_type,Sin Manga
88_49707519_sleeve_length_type,Larga
88_49719987_sleeve_length_type,INVALID
88_49713405_sleeve_length_type,Larga
88_49718100_sleeve_length_type,Larga
88_49714359_sleeve_length_type,Larga
88_49733652_sleeve_length_type,Sin Manga
88_49733485_sleeve_length_type,INVALID
88_49714740_sleeve_length_type,Larga
88_49733471_sleeve_length_type,Tirante Ancho
88_49725259_sleeve_length_type,Corta
88_49726151_sleeve_length_type,INVALID
88_49712036_sleeve_length_type,Larga
88_49738140_sleeve_length_type,Tirante Ancho
88_49708320_sleeve_length_type,Larga
88_49731827_sleeve_length_type,INVALID
88_49723281_sleeve_length_type,INVALID
88_49706225_sleeve_length_type,Larga
88_49724651_sleeve_length_type,INVALID
88_49717877_sleeve_length_type,INVALID
88_49713783_sleeve_length_type,INVALID
88_49727052_sleeve_length_type,Corta
88_49721716_sleeve_length_type,INVALID
88_49730997_sleeve_length_type,INVALID
88_49727753_sleeve_length_type,Larga
88_49719324_sleeve_length_type,Larga
88_49738139_sleeve_length_type,Tirante Fino
88_49711374_sleeve_length_type,INVALID
88_49708035_sleeve_length_type,Larga
88_49711058_sleeve_length_type,Corta
88_49715681_sleeve_length_type,Larga
88_49715326_sleeve_length_type,INVALID
88_49726769_sleeve_length_type,Sin Manga
88_49720270_sleeve_length_type,INVALID
88_49720926_sleeve_length_type,INVALID
88_49731282_sleeve_length_type,Corta
88_49717540_sleeve_length_type,Corta
88_49718203_sleeve_length_type,Larga
88_49711344_sleeve_length_type,Larga
88_49711332_sleeve_length_type,Corta
88_49712850_sleeve_length_type,INVALID
88_49727732_sleeve_length_type,Tirante Fino
88_49726776_sleeve_length_type,INVALID
88_49713386_sleeve_length_type,INVALID
88_49729917_sleeve_length_type,INVALID
88_49726503_sleeve_length_type,Larga
88_49717843_sleeve_length_type,INVALID
88_49733650_sleeve_length_type,Larga
88_49719964_sleeve_length_type,INVALID
88_49731434_sleeve_length_type,Larga
88_49714687_sleeve_length_type,INVALID
88_49715519_sleeve_length_type,Corta
88_49728449_sleeve_length_type,Larga
88_49738416_sleeve_length_type,Tirante Fino
88_49721111_sleeve_length_type,INVALID
88_49710640_sleeve_length_type,Sin Manga
88_49711062_sleeve_length_type,Corta
88_49716512_sleeve_length_type,Larga
88_49729103_sleeve_length_type,Corta
88_49714699_sleeve_length_type,Larga
88_49712717_sleeve_length_type,INVALID
88_49727123_sleeve_length_type,INVALID
88_49709805_sleeve_length_type,Larga
88_49725638_sleeve_length_type,Sin Manga
88_49720840_sleeve_length_type,INVALID
88_49720345_sleeve_length_type,INVALID
88_49718866_sleeve_length_type,INVALID
88_49714006_sleeve_length_type,Larga
88_49708006_sleeve_length_type,Sin Manga
88_49714680_sleeve_length_type,INVALID
88_49725411_sleeve_length_type,Larga
88_49713040_sleeve_length_type,INVALID
88_49731697_sleeve_length_type,INVALID
88_49731320_sleeve_length_type,Larga
88_49722492_sleeve_length_type,INVALID
88_49729490_sleeve_length_type,INVALID
88_49738976_sleeve_length_type,Larga
88_49728523_sleeve_length_type,Tirante Ancho
88_49718116_sleeve_length_type,INVALID
88_49730237_sleeve_length_type,Corta
88_49712040_sleeve_length_type,Larga
88_49713066_sleeve_length_type,INVALID
88_49722684_sleeve_length_type,Corta
88_49732646_sleeve_length_type,Larga
88_49728696_sleeve_length_type,INVALID
88_49720855_sleeve_length_type,INVALID
88_49717514_sleeve_length_type,INVALID
88_49720728_sleeve_length_type,INVALID
88_49719969_sleeve_length_type,Larga
88_49713021_sleeve_length_type,INVALID
88_49722505_sleeve_length_type,INVALID
88_49715201_sleeve_length_type,INVALID
88_49727318_sleeve_length_type,INVALID
88_49709828_sleeve_length_type,INVALID
88_49714141_sleeve_length_type,Larga
88_49733141_sleeve_length_type,Larga
88_49706240_sleeve_length_type,Larga
88_49711150_sleeve_length_type,INVALID
88_49715197_sleeve_length_type,Larga
88_49726648_sleeve_length_type,Tirante Ancho
88_49728521_sleeve_length_type,Sin Manga
88_49717959_sleeve_length_type,INVALID
88_49707278_sleeve_length_type,INVALID
88_49714022_sleeve_length_type,INVALID
88_49711821_sleeve_length_type,Corta
88_49708306_sleeve_length_type,INVALID
88_49717330_sleeve_length_type,INVALID
88_49705105_sleeve_length_type,INVALID
88_49734603_sleeve_length_type,Larga
88_49720332_sleeve_length_type,Larga
88_49721138_sleeve_length_type,INVALID
88_49716838_sleeve_length_type,INVALID
88_49731806_sleeve_length_type,Sin Manga
88_49719930_sleeve_length_type,INVALID
88_49712042_sleeve_length_type,Larga
88_49727769_sleeve_length_type,INVALID
88_49716113_sleeve_length_type,Larga
88_49729861_sleeve_length_type,Corta
88_49711187_sleeve_length_type,Larga
88_49707245_sleeve_length_type,INVALID
88_49717865_sleeve_length_type,INVALID
88_49709453_sleeve_length_type,Larga
88_49712745_sleeve_length_type,Larga
88_49707255_sleeve_length_type,INVALID
88_49731428_sleeve_length_type,Tirante Ancho
88_49720910_sleeve_length_type,INVALID
88_49720793_sleeve_length_type,INVALID
88_49729487_sleeve_length_type,Larga
88_49714140_sleeve_length_type,INVALID
88_49731830_sleeve_length_type,Larga
88_49725788_sleeve_length_type,INVALID
88_49723349_sleeve_length_type,INVALID
88_49713956_sleeve_length_type,INVALID
88_49723704_sleeve_length_type,INVALID
88_49711604_sleeve_length_type,INVALID
88_49715171_sleeve_length_type,Corta
88_49713422_sleeve_length_type,Larga
88_49730291_sleeve_length_type,Larga
88_49713904_sleeve_length_type,Corta
88_49708516_sleeve_length_type,Larga
88_49720328_sleeve_length_type,INVALID
88_49723005_sleeve_length_type,INVALID
88_49713903_sleeve_length_type,INVALID
88_49725260_sleeve_length_type,Larga
88_49720745_sleeve_length_type,INVALID
88_49725244_sleeve_length_type,INVALID
88_49715199_sleeve_length_type,Larga
88_49723064_sleeve_length_type,INVALID
88_49723555_sleeve_length_type,Larga
88_49722254_sleeve_length_type,INVALID
88_49716108_sleeve_length_type,INVALID
88_49725764_sleeve_length_type,Larga
88_49706910_sleeve_length_type,INVALID
88_49723041_sleeve_length_type,INVALID
88_49712587_sleeve_length_type,Larga
88_49710950_sleeve_length_type,Larga
88_49708512_sleeve_length_type,Larga
88_49715172_sleeve_length_type,Corta
88_49716259_sleeve_length_type,INVALID
88_49719142_sleeve_length_type,Larga
88_49719622_sleeve_length_type,Larga
88_49719289_sleeve_length_type,INVALID
88_49715769_sleeve_length_type,Larga
88_49723302_sleeve_length_type,Sin Manga
88_49723340_sleeve_length_type,INVALID
88_49714125_sleeve_length_type,INVALID
88_49717883_sleeve_length_type,Larga
88_49711141_sleeve_length_type,INVALID
88_49728129_sleeve_length_type,INVALID
88_49728895_sleeve_length_type,INVALID
88_49725170_sleeve_length_type,Corta
88_49711016_sleeve_length_type,Larga
88_49731315_sleeve_length_type,INVALID
88_49729779_sleeve_length_type,INVALID
88_49707223_sleeve_length_type,INVALID
88_49737956_sleeve_length_type,Corta
88_49717063_sleeve_length_type,INVALID
88_49719860_sleeve_length_type,Larga
88_49727078_sleeve_length_type,Corta
88_49727090_sleeve_length_type,INVALID
88_49720020_sleeve_length_type,INVALID
88_49732657_sleeve_length_type,INVALID
88_49715194_sleeve_length_type,Corta
88_49721148_sleeve_length_type,INVALID
88_49708033_sleeve_length_type,INVALID
88_49711010_sleeve_length_type,INVALID
88_49714121_sleeve_length_type,Larga
88_49714154_sleeve_length_type,Larga
88_49722710_sleeve_length_type,INVALID
88_49731338_sleeve_length_type,Larga
88_49710284_sleeve_length_type,Larga
88_49731276_sleeve_length_type,INVALID
88_49738981_sleeve_length_type,Larga
88_49728150_sleeve_length_type,INVALID
88_49733459_sleeve_length_type,INVALID
88_49718610_sleeve_length_type,INVALID
88_49722516_sleeve_length_type,Larga
88_49726119_sleeve_length_type,Larga
88_49721125_sleeve_length_type,Larga
88_49713594_sleeve_length_type,Larga
88_49710979_sleeve_length_type,Larga
88_49714099_sleeve_length_type,Corta
88_49727940_sleeve_length_type,Corta
88_49722220_sleeve_length_type,Corta
88_49719822_sleeve_length_type,Corta
88_49713087_sleeve_length_type,Larga
88_49714735_sleeve_length_type,Larga
88_49719640_sleeve_length_type,Corta
88_49723287_sleeve_length_type,INVALID
88_49733872_sleeve_length_type,INVALID
88_49711020_sleeve_length_type,Larga
88_49724162_sleeve_length_type,INVALID
88_49710271_sleeve_length_type,Larga
88_49728174_sleeve_length_type,INVALID
88_49716631_sleeve_length_type,INVALID
88_49717891_sleeve_length_type,INVALID
88_49718129_sleeve_length_type,Corta
88_49709381_sleeve_length_type,INVALID
88_49729748_sleeve_length_type,Corta
88_49711634_sleeve_length_type,Larga
88_49728201_sleeve_length_type,Larga
88_49734836_sleeve_length_type,Larga
88_49729863_sleeve_length_type,Larga
88_49720708_sleeve_length_type,Larga
88_49714702_sleeve_length_type,Larga
88_49725781_sleeve_length_type,Larga
88_49722444_sleeve_length_type,INVALID
88_49724105_sleeve_length_type,INVALID
88_49731417_sleeve_length_type,INVALID
88_49710225_sleeve_length_type,Corta
88_49726633_sleeve_length_type,Larga
88_49723553_sleeve_length_type,INVALID
88_49725648_sleeve_length_type,INVALID
88_49723866_sleeve_length_type,Larga
88_49721461_sleeve_length_type,Larga
88_49715380_sleeve_length_type,Larga
88_49722462_sleeve_length_type,INVALID
88_49729462_sleeve_length_type,Sin Manga
88_49713337_sleeve_length_type,INVALID
88_49712245_sleeve_length_type,Larga
88_49719317_sleeve_length_type,INVALID
88_49713054_sleeve_length_type,INVALID
88_49710890_sleeve_length_type,Larga
88_49713823_sleeve_length_type,Larga
88_49730462_sleeve_length_type,INVALID
88_49728630_sleeve_length_type,Sin Manga
88_49734825_sleeve_length_type,Sin Manga
88_49713629_sleeve_length_type,INVALID
88_49715909_sleeve_length_type,Larga
88_49711019_sleeve_length_type,Larga
88_49710974_sleeve_length_type,Larga
88_49713577_sleeve_length_type,Larga
88_49711157_sleeve_length_type,Larga
88_49726794_sleeve_length_type,Larga
88_49714908_sleeve_length_type,Corta
88_49713367_sleeve_length_type,Corta
88_49734833_sleeve_length_type,INVALID
88_49719864_sleeve_length_type,Larga
88_49720047_sleeve_length_type,Sin Manga
88_49714920_sleeve_length_type,Larga
88_49727320_sleeve_length_type,Larga
88_49737965_sleeve_length_type,INVALID
88_49723057_sleeve_length_type,Tirante Fino
88_49706223_sleeve_length_type,Larga
88_49721384_sleeve_length_type,INVALID
88_49723575_sleeve_length_type,INVALID
88_49734820_sleeve_length_type,INVALID
88_49732283_sleeve_length_type,Larga
88_49718124_sleeve_length_type,Larga
88_49725235_sleeve_length_type,INVALID
88_49731382_sleeve_length_type,Larga
88_49715629_sleeve_length_type,Larga
88_49716106_sleeve_length_type,INVALID
88_49713029_sleeve_length_type,Larga
88_49718617_sleeve_length_type,Larga
88_49723615_sleeve_length_type,INVALID
88_49730316_sleeve_length_type,INVALID
88_49719711_sleeve_length_type,INVALID
88_49722049_sleeve_length_type,Larga
88_49716491_sleeve_length_type,Larga
88_49723357_sleeve_length_type,INVALID
88_49712394_sleeve_length_type,Larga
88_49723843_sleeve_length_type,Larga
88_49728904_sleeve_length_type,INVALID
88_49713380_sleeve_length_type,Corta
88_49718605_sleeve_length_type,Corta
88_49728198_sleeve_length_type,Larga
88_49727759_sleeve_length_type,Sin Manga
88_49719974_sleeve_length_type,INVALID
88_49724676_sleeve_length_type,INVALID
88_49724079_sleeve_length_type,INVALID
88_49713002_sleeve_length_type,Larga
88_49709720_sleeve_length_type,INVALID
88_49718628_sleeve_length_type,Corta
88_49729920_sleeve_length_type,INVALID
88_49717509_sleeve_length_type,INVALID
88_49717699_sleeve_length_type,INVALID
88_49717505_sleeve_length_type,Larga
88_49713406_sleeve_length_type,Larga
88_49729102_sleeve_length_type,INVALID
88_49728873_sleeve_length_type,Larga
88_49713379_sleeve_length_type,Corta
88_49725243_sleeve_length_type,Larga
88_49719656_sleeve_length_type,INVALID
88_49714683_sleeve_length_type,Larga
88_49733156_sleeve_length_type,Larga
88_49709428_sleeve_length_type,Larga
88_49718185_sleeve_length_type,Corta
88_49708316_sleeve_length_type,Larga
88_49709585_sleeve_length_type,INVALID
88_49718464_sleeve_length_type,Larga
88_49721451_sleeve_length_type,INVALID
88_49727955_sleeve_length_type,INVALID
88_49715333_sleeve_length_type,Larga
88_49709853_sleeve_length_type,INVALID
88_49719153_sleeve_length_type,Larga
88_49728199_sleeve_length_type,Larga
88_49725209_sleeve_length_type,INVALID
88_49714739_sleeve_length_type,INVALID
88_49717899_sleeve_length_type,Larga
88_49711107_sleeve_length_type,INVALID
88_49717033_sleeve_length_type,Larga
88_49732110_sleeve_length_type,Larga
88_49720940_sleeve_length_type,Tirante Fino
88_49723562_sleeve_length_type,INVALID
88_49710894_sleeve_length_type,INVALID
88_49717558_sleeve_length_type,Larga
88_49724906_sleeve_length_type,INVALID
88_49704219_sleeve_length_type,INVALID
88_49720066_sleeve_length_type,INVALID
88_49707522_sleeve_length_type,Larga
88_49718199_sleeve_length_type,Larga
88_49723558_sleeve_length_type,Larga
88_49728114_sleeve_length_type,Larga
88_49711845_sleeve_length_type,INVALID
88_49729155_sleeve_length_type,INVALID
88_49729122_sleeve_length_type,INVALID
88_49731854_sleeve_length_type,INVALID
88_49707249_sleeve_length_type,INVALID
88_49715366_sleeve_length_type,Corta
88_49714719_sleeve_length_type,INVALID
88_49713056_sleeve_length_type,Larga
88_49714081_sleeve_length_type,Larga
88_49729893_sleeve_length_type,Larga
88_49731293_sleeve_length_type,Tirante Ancho
88_49714039_sleeve_length_type,Larga
88_49728498_sleeve_length_type,Larga
88_49715174_sleeve_length_type,INVALID
88_49731326_sleeve_length_type,INVALID
88_49728877_sleeve_length_type,Tirante Fino
88_49707238_sleeve_length_type,INVALID
88_49733678_sleeve_length_type,Corta
88_49736550_sleeve_length_type,INVALID
88_49733456_sleeve_length_type,INVALID
88_49733131_sleeve_length_type,INVALID
88_49721360_sleeve_length_type,Larga
88_49712731_sleeve_length_type,Larga
88_49718092_sleeve_length_type,Larga
88_49720713_sleeve_length_type,Larga
88_49717881_sleeve_length_type,INVALID
88_49724910_sleeve_length_type,INVALID
88_49709706_sleeve_length_type,INVALID
88_49732674_sleeve_length_type,Corta
88_49710889_sleeve_length_type,Larga
88_49738415_sleeve_length_type,Sin Manga
88_49728164_sleeve_length_type,Larga
88_49724078_sleeve_length_type,INVALID
88_49727619_sleeve_length_type,Larga
88_49726636_sleeve_length_type,Larga
88_49729762_sleeve_length_type,Corta
88_49720312_sleeve_length_type,INVALID
88_49729101_sleeve_length_type,Corta
88_49730217_sleeve_length_type,Larga
88_49728661_sleeve_length_type,Corta
88_49726108_sleeve_length_type,Larga
88_49724897_sleeve_length_type,INVALID
88_49707293_sleeve_length_type,Larga
88_49710888_sleeve_length_type,Larga
88_49717898_sleeve_length_type,INVALID
88_49710578_sleeve_length_type,INVALID
88_49710879_sleeve_length_type,INVALID
88_49719935_sleeve_length_type,Larga
88_49712060_sleeve_length_type,Larga
88_49725805_sleeve_length_type,Larga
88_49719933_sleeve_length_type,Larga
88_49716389_sleeve_length_type,INVALID
88_49713805_sleeve_length_type,INVALID
88_49714696_sleeve_length_type,Corta
88_49723703_sleeve_length_type,INVALID
88_49710586_sleeve_length_type,Tirante Fino
88_49713022_sleeve_length_type,Larga
88_49709568_sleeve_length_type,INVALID
88_49729912_sleeve_length_type,Larga
88_49714967_sleeve_length_type,Larga
88_49718123_sleeve_length_type,INVALID
88_49712585_sleeve_length_type,INVALID
88_49713943_sleeve_length_type,INVALID
88_49739063_sleeve_length_type,Larga
88_49730287_sleeve_length_type,Sin Manga
88_49726494_sleeve_length_type,Tirante Ancho
88_49723235_sleeve_length_type,Corta
88_49732856_sleeve_length_type,Larga
88_49724627_sleeve_length_type,Larga
88_49728879_sleeve_length_type,Corta
88_49718141_sleeve_length_type,Corta
88_49731858_sleeve_length_type,Corta
88_49725574_sleeve_length_type,Corta
88_49718133_sleeve_length_type,INVALID
88_49727374_sleeve_length_type,Larga
88_49723353_sleeve_length_type,INVALID
88_49734826_sleeve_length_type,INVALID
88_49711818_sleeve_length_type,Larga
88_49730322_sleeve_length_type,INVALID
88_49722101_sleeve_length_type,INVALID
88_49722738_sleeve_length_type,INVALID
88_49718825_sleeve_length_type,Larga
88_49711636_sleeve_length_type,Larga
88_49710929_sleeve_length_type,Larga
88_49721407_sleeve_length_type,Larga
88_49719310_sleeve_length_type,Larga
88_49720549_sleeve_length_type,Corta
88_49708556_sleeve_length_type,Larga
88_49732666_sleeve_length_type,INVALID
88_49731376_sleeve_length_type,INVALID
88_49729109_sleeve_length_type,Corta
88_49731339_sleeve_length_type,INVALID
88_49719368_sleeve_length_type,INVALID
88_49731322_sleeve_length_type,INVALID
88_49713600_sleeve_length_type,INVALID
88_49734594_sleeve_length_type,INVALID
88_49720340_sleeve_length_type,Larga
88_49728886_sleeve_length_type,INVALID
88_49717551_sleeve_length_type,Corta
88_49717276_sleeve_length_type,INVALID
88_49732381_sleeve_length_type,Larga
88_49729932_sleeve_length_type,Sin Manga
88_49729480_sleeve_length_type,INVALID
88_49725793_sleeve_length_type,Larga
88_49713017_sleeve_length_type,Larga
88_49727613_sleeve_length_type,INVALID
88_49729120_sleeve_length_type,Corta
88_49717888_sleeve_length_type,INVALID
88_49712049_sleeve_length_type,INVALID
88_49714954_sleeve_length_type,INVALID
88_49722986_sleeve_length_type,INVALID
88_49713045_sleeve_length_type,Larga
88_49731006_sleeve_length_type,Larga
88_49708009_sleeve_length_type,INVALID
88_49723274_sleeve_length_type,INVALID
88_49730284_sleeve_length_type,Larga
88_49720794_sleeve_length_type,Larga
88_49714107_sleeve_length_type,INVALID
88_49711843_sleeve_length_type,INVALID
88_49729313_sleeve_length_type,Larga
88_49725179_sleeve_length_type,INVALID
88_49734569_sleeve_length_type,Larga
88_49709808_sleeve_length_type,Corta
88_49709601_sleeve_length_type,Corta
88_49714369_sleeve_length_type,Larga
88_49717966_sleeve_length_type,Tirante Fino
88_49719998_sleeve_length_type,INVALID
88_49719617_sleeve_length_type,Larga
88_49721403_sleeve_length_type,INVALID
88_49718838_sleeve_length_type,Larga
88_49724204_sleeve_length_type,Larga
88_49727630_sleeve_length_type,INVALID
88_49713407_sleeve_length_type,INVALID
88_49728197_sleeve_length_type,Larga
88_49722246_sleeve_length_type,INVALID
88_49713370_sleeve_length_type,INVALID
88_49718149_sleeve_length_type,INVALID
88_49724662_sleeve_length_type,INVALID
88_49723603_sleeve_length_type,INVALID
88_49727794_sleeve_length_type,INVALID
88_49738267_sleeve_length_type,Larga
88_49709574_sleeve_length_type,Corta
88_49706079_sleeve_length_type,INVALID
88_49730300_sleeve_length_type,INVALID
88_49723354_sleeve_length_type,INVALID
88_49723011_sleeve_length_type,Larga
88_49715132_sleeve_length_type,Corta
88_49715156_sleeve_length_type,Larga
88_49716376_sleeve_length_type,Larga
88_49730987_sleeve_length_type,Larga
88_49719321_sleeve_length_type,INVALID
88_49724134_sleeve_length_type,INVALID
88_49714969_sleeve_length_type,Larga
88_49728189_sleeve_length_type,Sin Manga
88_49711629_sleeve_length_type,Larga
88_49724615_sleeve_length_type,Sin Manga
88_49727086_sleeve_length_type,INVALID
88_49718596_sleeve_length_type,INVALID
88_49728647_sleeve_length_type,Tirante Fino
88_49711340_sleeve_length_type,Larga
88_49727506_sleeve_length_type,Larga
88_49722664_sleeve_length_type,Larga
88_49708015_sleeve_length_type,Corta
88_49723164_sleeve_length_type,Corta
88_49728153_sleeve_length_type,Tirante Fino
88_49729528_sleeve_length_type,Larga
88_49729916_sleeve_length_type,INVALID
88_49708380_sleeve_length_type,Larga
88_49732388_sleeve_length_type,INVALID
88_49717873_sleeve_length_type,Larga
88_49706237_sleeve_length_type,Larga
88_49731392_sleeve_length_type,INVALID
88_49720071_sleeve_length_type,INVALID
88_49734562_sleeve_length_type,Tirante Fino
88_49714157_sleeve_length_type,Larga
88_49728651_sleeve_length_type,Larga
88_49711110_sleeve_length_type,INVALID
88_49729876_sleeve_length_type,Larga
88_49720052_sleeve_length_type,INVALID
88_49712182_sleeve_length_type,Larga
88_49726846_sleeve_length_type,Larga
88_49714050_sleeve_length_type,INVALID
88_49710901_sleeve_length_type,Corta
88_49719294_sleeve_length_type,Sin Manga
88_49706908_sleeve_length_type,INVALID
88_49720778_sleeve_length_type,INVALID
88_49712037_sleeve_length_type,Larga
88_49714133_sleeve_length_type,INVALID
88_49712739_sleeve_length_type,INVALID
88_49730876_sleeve_length_type,Larga
88_49724135_sleeve_length_type,INVALID
88_49723008_sleeve_length_type,INVALID
88_49722232_sleeve_length_type,INVALID
88_49713803_sleeve_length_type,INVALID
88_49708534_sleeve_length_type,Sin Manga
88_49720308_sleeve_length_type,INVALID
88_49716384_sleeve_length_type,Larga
88_49721364_sleeve_length_type,Larga
88_49728902_sleeve_length_type,Larga
88_49733138_sleeve_length_type,Tirante Fino
88_49726162_sleeve_length_type,INVALID
88_49710273_sleeve_length_type,Larga
88_49729142_sleeve_length_type,Corta
88_49713035_sleeve_length_type,Larga
88_49719631_sleeve_length_type,Larga
88_49723162_sleeve_length_type,INVALID
88_49710916_sleeve_length_type,Larga
88_49711055_sleeve_length_type,Corta
88_49718094_sleeve_length_type,Larga
88_49715508_sleeve_length_type,INVALID
88_49725192_sleeve_length_type,INVALID
88_49712107_sleeve_length_type,Corta
88_49714034_sleeve_length_type,Larga
88_49733676_sleeve_length_type,Larga
88_49713762_sleeve_length_type,INVALID
88_49723144_sleeve_length_type,Corta
88_49713079_sleeve_length_type,Larga
88_49713841_sleeve_length_type,INVALID
88_49734565_sleeve_length_type,Tirante Ancho
88_49721969_sleeve_length_type,INVALID
88_49712986_sleeve_length_type,Larga
88_49727607_sleeve_length_type,INVALID
88_49726778_sleeve_length_type,Larga
88_49710556_sleeve_length_type,Sin Manga
88_49710644_sleeve_length_type,Larga
88_49730496_sleeve_length_type,Sin Manga
88_49711161_sleeve_length_type,Larga
88_49718445_sleeve_length_type,Corta
88_49726865_sleeve_length_type,INVALID
88_49721763_sleeve_length_type,Larga
88_49726161_sleeve_length_type,Corta
88_49734566_sleeve_length_type,INVALID
88_49731803_sleeve_length_type,Sin Manga
88_49725389_sleeve_length_type,INVALID
88_49733648_sleeve_length_type,Corta
88_49722970_sleeve_length_type,Corta
88_49715634_sleeve_length_type,Larga
88_49719863_sleeve_length_type,Corta
88_49734158_sleeve_length_type,Larga
88_49707240_sleeve_length_type,INVALID
88_49734579_sleeve_length_type,Sin Manga
88_49710909_sleeve_length_type,INVALID
88_49716495_sleeve_length_type,Larga
88_49717304_sleeve_length_type,INVALID
88_49717310_sleeve_length_type,Larga
88_49720717_sleeve_length_type,Corta
88_49712246_sleeve_length_type,Larga
88_49729128_sleeve_length_type,Larga
88_49729499_sleeve_length_type,Sin Manga
88_49723196_sleeve_length_type,INVALID
88_49722993_sleeve_length_type,INVALID
88_49727329_sleeve_length_type,Larga
88_49724896_sleeve_length_type,Larga
88_49724936_sleeve_length_type,INVALID
88_49718182_sleeve_length_type,Corta
88_49724672_sleeve_length_type,Larga
88_49728158_sleeve_length_type,Sin Manga
88_49728478_sleeve_length_type,INVALID
88_49716830_sleeve_length_type,INVALID
88_49719366_sleeve_length_type,Corta
88_49711623_sleeve_length_type,Larga
88_49722236_sleeve_length_type,Larga
88_49721682_sleeve_length_type,Larga
88_49727758_sleeve_length_type,Larga
88_49723523_sleeve_length_type,INVALID
88_49711160_sleeve_length_type,Larga
88_49718603_sleeve_length_type,INVALID
88_49723063_sleeve_length_type,Corta
88_49717851_sleeve_length_type,Larga
88_49729719_sleeve_length_type,Larga
88_49712230_sleeve_length_type,Larga
88_49711371_sleeve_length_type,INVALID
88_49723347_sleeve_length_type,INVALID
88_49718842_sleeve_length_type,Larga
88_49734286_sleeve_length_type,INVALID
88_49722716_sleeve_length_type,INVALID
88_49724174_sleeve_length_type,Tirante Fino
88_49718643_sleeve_length_type,Larga
88_49728443_sleeve_length_type,Tirante Ancho
88_49718847_sleeve_length_type,INVALID
88_49725617_sleeve_length_type,INVALID
88_49720767_sleeve_length_type,INVALID
88_49728657_sleeve_length_type,INVALID
88_49720325_sleeve_length_type,Larga
88_49718600_sleeve_length_type,Corta
88_49720814_sleeve_length_type,INVALID
88_49717853_sleeve_length_type,Larga
88_49719675_sleeve_length_type,Larga
88_49710922_sleeve_length_type,Larga
88_49708020_sleeve_length_type,INVALID
88_49733142_sleeve_length_type,INVALID
88_49710997_sleeve_length_type,Corta
88_49709403_sleeve_length_type,INVALID
88_49724208_sleeve_length_type,Sin Manga
88_49730261_sleeve_length_type,Tirante Fino
88_49725558_sleeve_length_type,INVALID
88_49712583_sleeve_length_type,INVALID
88_49725247_sleeve_length_type,Larga
88_49713778_sleeve_length_type,INVALID
88_49727363_sleeve_length_type,INVALID
88_49722093_sleeve_length_type,Larga
88_49722206_sleeve_length_type,INVALID
88_49711063_sleeve_length_type,Corta
88_49731860_sleeve_length_type,Corta
88_49727797_sleeve_length_type,Larga
88_49724235_sleeve_length_type,INVALID
88_49727533_sleeve_length_type,INVALID
88_49727333_sleeve_length_type,Larga
88_49719873_sleeve_length_type,Corta
88_49717839_sleeve_length_type,INVALID
88_49726634_sleeve_length_type,Corta
88_49720798_sleeve_length_type,INVALID
88_49718818_sleeve_length_type,Larga
88_49719626_sleeve_length_type,Corta
88_49715193_sleeve_length_type,Larga
88_49719108_sleeve_length_type,Corta
88_49729889_sleeve_length_type,INVALID
88_49726644_sleeve_length_type,INVALID
88_49719847_sleeve_length_type,Corta
88_49728675_sleeve_length_type,Larga
88_49711139_sleeve_length_type,Larga
88_49710973_sleeve_length_type,Larga
88_49734138_sleeve_length_type,INVALID
88_49721127_sleeve_length_type,Larga
88_49722713_sleeve_length_type,Sin Manga
88_49713963_sleeve_length_type,Larga
88_49728701_sleeve_length_type,Corta
88_49716368_sleeve_length_type,Corta
88_49729328_sleeve_length_type,INVALID
88_49724933_sleeve_length_type,Larga
88_49731822_sleeve_length_type,Larga
88_49714900_sleeve_length_type,Larga
88_49712100_sleeve_length_type,Larga
88_49723286_sleeve_length_type,INVALID
88_49724946_sleeve_length_type,INVALID
88_49724210_sleeve_length_type,Tirante Fino
88_49732654_sleeve_length_type,Corta
88_49732299_sleeve_length_type,INVALID
88_49717848_sleeve_length_type,INVALID
88_49722096_sleeve_length_type,INVALID
88_49709432_sleeve_length_type,INVALID
88_49717716_sleeve_length_type,Larga
88_49729941_sleeve_length_type,Sin Manga
88_49723902_sleeve_length_type,INVALID
88_49722711_sleeve_length_type,Larga
88_49711633_sleeve_length_type,Corta
88_49711354_sleeve_length_type,Larga
88_49726873_sleeve_length_type,Larga
88_49712557_sleeve_length_type,INVALID
88_49707273_sleeve_length_type,Larga
88_49708298_sleeve_length_type,INVALID
88_49726638_sleeve_length_type,Corta
88_49708321_sleeve_length_type,Larga
88_49731029_sleeve_length_type,INVALID
88_49712097_sleeve_length_type,INVALID
88_49710551_sleeve_length_type,Larga
88_49713083_sleeve_length_type,Larga
88_49723279_sleeve_length_type,INVALID
88_49717413_sleeve_length_type,INVALID
88_49710860_sleeve_length_type,Larga
88_49731381_sleeve_length_type,Sin Manga
88_49712715_sleeve_length_type,INVALID
88_49714733_sleeve_length_type,Larga
88_49711043_sleeve_length_type,Corta
88_49708921_sleeve_length_type,INVALID
88_49719119_sleeve_length_type,Sin Manga
88_49733111_sleeve_length_type,Corta
88_49718982_sleeve_length_type,Corta
88_49715183_sleeve_length_type,Corta
88_49733645_sleeve_length_type,Corta
88_49721684_sleeve_length_type,Larga
88_49724960_sleeve_length_type,INVALID
88_49711177_sleeve_length_type,Larga
88_49729332_sleeve_length_type,Sin Manga
88_49719277_sleeve_length_type,Corta
88_49729784_sleeve_length_type,INVALID
88_49729775_sleeve_length_type,INVALID
88_49724218_sleeve_length_type,INVALID
88_49717879_sleeve_length_type,INVALID
88_49728890_sleeve_length_type,Corta
88_49722646_sleeve_length_type,Larga
88_49730472_sleeve_length_type,Larga
88_49712726_sleeve_length_type,INVALID
88_49713895_sleeve_length_type,Larga
88_49714939_sleeve_length_type,INVALID
88_49722464_sleeve_length_type,INVALID
88_49723258_sleeve_length_type,Larga
88_49714083_sleeve_length_type,Larga
88_49735318_sleeve_length_type,INVALID
88_49718136_sleeve_length_type,Larga
88_49710205_sleeve_length_type,INVALID
88_49715905_sleeve_length_type,Larga
88_49727942_sleeve_length_type,Larga
88_49711839_sleeve_length_type,INVALID
88_49722694_sleeve_length_type,INVALID
88_49713109_sleeve_length_type,Larga
88_49724217_sleeve_length_type,Larga
88_49715787_sleeve_length_type,Corta
88_49734837_sleeve_length_type,Larga
88_49719409_sleeve_length_type,INVALID
88_49717572_sleeve_length_type,Larga
88_49715045_sleeve_length_type,Larga
88_49718977_sleeve_length_type,Corta
88_49729901_sleeve_length_type,INVALID
88_49715213_sleeve_length_type,Larga
88_49730249_sleeve_length_type,Larga
88_49732673_sleeve_length_type,Corta
88_49729878_sleeve_length_type,Corta
88_49712033_sleeve_length_type,Larga
88_49719858_sleeve_length_type,INVALID
88_49712845_sleeve_length_type,Larga
88_49707300_sleeve_length_type,Larga
88_49714120_sleeve_length_type,Larga
88_49712047_sleeve_length_type,Larga
88_49731380_sleeve_length_type,INVALID
88_49715200_sleeve_length_type,Larga
88_49712606_sleeve_length_type,INVALID
88_49715774_sleeve_length_type,Larga
88_49737962_sleeve_length_type,Corta
88_49715929_sleeve_length_type,INVALID
88_49712368_sleeve_length_type,Larga
88_49715181_sleeve_length_type,INVALID
88_49719442_sleeve_length_type,INVALID
88_49716764_sleeve_length_type,Larga
88_49719919_sleeve_length_type,Larga
88_49729139_sleeve_length_type,Larga
88_49719367_sleeve_length_type,INVALID
88_49710646_sleeve_length_type,Corta
88_49722627_sleeve_length_type,INVALID
88_49722967_sleeve_length_type,Larga
88_49730226_sleeve_length_type,Larga
88_49711104_sleeve_length_type,Larga
88_49732649_sleeve_length_type,Larga
88_49720701_sleeve_length_type,Tirante Ancho
88_49722723_sleeve_length_type,INVALID
88_49732645_sleeve_length_type,INVALID
88_49709400_sleeve_length_type,Larga
88_49718962_sleeve_length_type,INVALID
88_49725649_sleeve_length_type,INVALID
88_49714913_sleeve_length_type,Larga
88_49712848_sleeve_length_type,INVALID
88_49715640_sleeve_length_type,INVALID
88_49726522_sleeve_length_type,INVALID
88_49727918_sleeve_length_type,Larga
88_49729740_sleeve_length_type,Corta
88_49725819_sleeve_length_type,Larga
88_49736546_sleeve_length_type,INVALID
88_49715920_sleeve_length_type,INVALID
88_49712101_sleeve_length_type,INVALID
88_49731295_sleeve_length_type,Corta
88_49724270_sleeve_length_type,INVALID
88_49734567_sleeve_length_type,INVALID
88_49731436_sleeve_length_type,Larga
88_49724891_sleeve_length_type,INVALID
88_49710986_sleeve_length_type,Larga
88_49737953_sleeve_length_type,Larga
88_49722461_sleeve_length_type,Larga
88_49721967_sleeve_length_type,INVALID
88_49729169_sleeve_length_type,INVALID
88_49735131_sleeve_length_type,INVALID
88_49738264_sleeve_length_type,INVALID
88_49721362_sleeve_length_type,Sin Manga
88_49714135_sleeve_length_type,INVALID
88_49715039_sleeve_length_type,Larga
88_49729117_sleeve_length_type,Larga
88_49711029_sleeve_length_type,Corta
88_49731690_sleeve_length_type,Larga
88_49723296_sleeve_length_type,INVALID
88_49717863_sleeve_length_type,INVALID
88_49712225_sleeve_length_type,INVALID
88_49734282_sleeve_length_type,Sin Manga
88_49713609_sleeve_length_type,INVALID
88_49742784_sleeve_length_type,INVALID
88_49723268_sleeve_length_type,INVALID
88_49712383_sleeve_length_type,Larga
88_49725585_sleeve_length_type,INVALID
88_49722995_sleeve_length_type,Corta
88_49711631_sleeve_length_type,Corta
88_49727952_sleeve_length_type,INVALID
88_49717410_sleeve_length_type,Larga
88_49713031_sleeve_length_type,Larga
88_49717416_sleeve_length_type,Larga
88_49722682_sleeve_length_type,Larga
88_49731369_sleeve_length_type,Larga
88_49727346_sleeve_length_type,Larga
88_49717274_sleeve_length_type,INVALID
88_49728613_sleeve_length_type,Larga
88_49713799_sleeve_length_type,INVALID
88_49708394_sleeve_length_type,Larga
88_49733656_sleeve_length_type,Larga
88_49726125_sleeve_length_type,Corta
88_49725807_sleeve_length_type,Larga
88_49734558_sleeve_length_type,INVALID
88_49720321_sleeve_length_type,Larga
88_49714028_sleeve_length_type,Corta
88_49719416_sleeve_length_type,Larga
88_49708051_sleeve_length_type,Larga
88_49728674_sleeve_length_type,Larga
88_49708916_sleeve_length_type,Sin Manga
88_49742778_sleeve_length_type,Larga
88_49720283_sleeve_length_type,INVALID
88_49720343_sleeve_length_type,Larga
88_49716357_sleeve_length_type,INVALID
88_49710194_sleeve_length_type,INVALID
88_49728875_sleeve_length_type,Larga
88_49720853_sleeve_length_type,Larga
88_49736541_sleeve_length_type,Sin Manga
88_49731718_sleeve_length_type,Larga
88_49710469_sleeve_length_type,INVALID
88_49712052_sleeve_length_type,Larga
88_49728481_sleeve_length_type,INVALID
88_49721373_sleeve_length_type,INVALID
88_49719109_sleeve_length_type,Corta
88_49719150_sleeve_length_type,Corta
88_49728929_sleeve_length_type,INVALID
88_49718975_sleeve_length_type,Larga
88_49725394_sleeve_length_type,Corta
88_49717327_sleeve_length_type,Larga
88_49713352_sleeve_length_type,Larga
88_49731384_sleeve_length_type,INVALID
88_49722717_sleeve_length_type,INVALID
88_49710962_sleeve_length_type,Larga
88_49729535_sleeve_length_type,Larga
88_49734849_sleeve_length_type,Sin Manga
88_49721399_sleeve_length_type,INVALID
88_49719290_sleeve_length_type,Larga
88_49738693_sleeve_length_type,INVALID
88_49718196_sleeve_length_type,Larga
88_49715520_sleeve_length_type,Corta
88_49719627_sleeve_length_type,Corta
88_49711052_sleeve_length_type,Corta
88_49716117_sleeve_length_type,Larga
88_49718458_sleeve_length_type,INVALID
88_49731272_sleeve_length_type,Corta
88_49727627_sleeve_length_type,Corta
88_49724253_sleeve_length_type,Larga
88_49716116_sleeve_length_type,INVALID
88_49727609_sleeve_length_type,INVALID
88_49720799_sleeve_length_type,INVALID
88_49712611_sleeve_length_type,Larga
88_49711163_sleeve_length_type,Larga
88_49733685_sleeve_length_type,Corta
88_49725602_sleeve_length_type,Larga
88_49710282_sleeve_length_type,Larga
88_49714054_sleeve_length_type,Larga
88_49723269_sleeve_length_type,Sin Manga
88_49714093_sleeve_length_type,Larga
88_49726180_sleeve_length_type,INVALID
88_49737961_sleeve_length_type,Corta
88_49714972_sleeve_length_type,Larga
88_49718609_sleeve_length_type,INVALID
88_49719133_sleeve_length_type,INVALID
88_49724588_sleeve_length_type,Larga
88_49713790_sleeve_length_type,INVALID
88_49708356_sleeve_length_type,INVALID
88_49722029_sleeve_length_type,Corta
88_49722722_sleeve_length_type,Tirante Fino
88_49715044_sleeve_length_type,INVALID
88_49729300_sleeve_length_type,Corta
88_49714933_sleeve_length_type,Larga
88_49722234_sleeve_length_type,INVALID
88_49728628_sleeve_length_type,Corta
88_49734588_sleeve_length_type,Sin Manga
88_49731324_sleeve_length_type,INVALID
88_49722041_sleeve_length_type,Larga
88_49715214_sleeve_length_type,Larga
88_49708012_sleeve_length_type,INVALID
88_49710926_sleeve_length_type,Larga
88_49728910_sleeve_length_type,Larga
88_49729167_sleeve_length_type,INVALID
88_49726815_sleeve_length_type,INVALID
88_49730852_sleeve_length_type,Sin Manga
88_49717042_sleeve_length_type,INVALID
88_49714731_sleeve_length_type,INVALID
88_49727953_sleeve_length_type,INVALID
88_49732378_sleeve_length_type,INVALID
88_49708053_sleeve_length_type,Larga
88_49723524_sleeve_length_type,INVALID
88_49720919_sleeve_length_type,Larga
88_49711341_sleeve_length_type,Larga
88_49724900_sleeve_length_type,Corta
88_49729923_sleeve_length_type,Larga
88_49714074_sleeve_length_type,Corta
88_49722702_sleeve_length_type,Larga
88_49721130_sleeve_length_type,INVALID
88_49714126_sleeve_length_type,Larga
88_49713329_sleeve_length_type,Larga
88_49717328_sleeve_length_type,Larga
88_49727059_sleeve_length_type,Larga
88_49731281_sleeve_length_type,Corta
88_49729905_sleeve_length_type,Larga
88_49729848_sleeve_length_type,Corta
88_49719661_sleeve_length_type,Larga
88_49727080_sleeve_length_type,Larga
88_49720854_sleeve_length_type,INVALID
88_49736547_sleeve_length_type,INVALID
88_49712045_sleeve_length_type,Larga
88_49728685_sleeve_length_type,Larga
88_49707260_sleeve_length_type,INVALID
88_49732282_sleeve_length_type,Tirante Fino
88_49714014_sleeve_length_type,INVALID
88_49718103_sleeve_length_type,INVALID
88_49717062_sleeve_length_type,Larga
88_49738691_sleeve_length_type,Larga
88_49719426_sleeve_length_type,INVALID
88_49728878_sleeve_length_type,Corta
88_49710198_sleeve_length_type,INVALID
88_49733112_sleeve_length_type,INVALID
88_49733117_sleeve_length_type,Larga
88_49726860_sleeve_length_type,INVALID
88_49728177_sleeve_length_type,INVALID
88_49715205_sleeve_length_type,INVALID
88_49720849_sleeve_length_type,Corta
88_49725236_sleeve_length_type,Sin Manga
88_49727065_sleeve_length_type,Larga
88_49713030_sleeve_length_type,Corta
88_49719677_sleeve_length_type,INVALID
88_49717519_sleeve_length_type,INVALID
88_49727500_sleeve_length_type,INVALID
88_49729720_sleeve_length_type,Corta
88_49721697_sleeve_length_type,Larga
88_49732397_sleeve_length_type,Larga
88_49713604_sleeve_length_type,Larga
88_49728723_sleeve_length_type,Larga
88_49720294_sleeve_length_type,INVALID
88_49716504_sleeve_length_type,Larga
88_49709374_sleeve_length_type,INVALID
88_49718477_sleeve_length_type,INVALID
88_49727076_sleeve_length_type,Corta
88_49727303_sleeve_length_type,Larga
88_49729110_sleeve_length_type,Larga
88_49728615_sleeve_length_type,Corta
88_49713369_sleeve_length_type,INVALID
88_49711178_sleeve_length_type,Larga
88_49723140_sleeve_length_type,INVALID
88_49731302_sleeve_length_type,INVALID
88_49712730_sleeve_length_type,Larga
88_49721968_sleeve_length_type,INVALID
88_49717984_sleeve_length_type,INVALID
88_49730331_sleeve_length_type,INVALID
88_49729500_sleeve_length_type,INVALID
88_49710204_sleeve_length_type,INVALID
88_49711385_sleeve_length_type,Corta
88_49721160_sleeve_length_type,INVALID
88_49729873_sleeve_length_type,Corta
88_49728667_sleeve_length_type,Corta
88_49707265_sleeve_length_type,Larga
88_49719375_sleeve_length_type,Larga
88_49730878_sleeve_length_type,Larga
88_49718641_sleeve_length_type,INVALID
88_49707296_sleeve_length_type,INVALID
88_49719807_sleeve_length_type,Corta
88_49731026_sleeve_length_type,Larga
88_49706227_sleeve_length_type,Larga
88_49715928_sleeve_length_type,Larga
88_49723293_sleeve_length_type,INVALID
88_49717307_sleeve_length_type,Larga
88_49728524_sleeve_length_type,INVALID
88_49716823_sleeve_length_type,INVALID
88_49717300_sleeve_length_type,INVALID
88_49721432_sleeve_length_type,Larga
88_49721380_sleeve_length_type,INVALID
88_49711842_sleeve_length_type,Corta
88_49724895_sleeve_length_type,INVALID
88_49733487_sleeve_length_type,Larga
88_49733663_sleeve_length_type,Larga
88_49715388_sleeve_length_type,INVALID
88_49731406_sleeve_length_type,Larga
88_49721379_sleeve_length_type,Sin Manga
88_49722237_sleeve_length_type,INVALID
88_49725780_sleeve_length_type,Larga
88_49729948_sleeve_length_type,INVALID
88_49721773_sleeve_length_type,INVALID
88_49713766_sleeve_length_type,Larga
88_49717705_sleeve_length_type,INVALID
88_49733115_sleeve_length_type,Larga
88_49718642_sleeve_length_type,INVALID
88_49719870_sleeve_length_type,INVALID
88_49718202_sleeve_length_type,Larga
88_49727719_sleeve_length_type,Corta
88_49729344_sleeve_length_type,Larga
88_49708561_sleeve_length_type,Larga
88_49718613_sleeve_length_type,Corta
88_49711004_sleeve_length_type,Larga
88_49720019_sleeve_length_type,INVALID
88_49723900_sleeve_length_type,INVALID
88_49728660_sleeve_length_type,Corta
88_49727748_sleeve_length_type,INVALID
88_49735572_sleeve_length_type,Larga
88_49713599_sleeve_length_type,INVALID
88_49718201_sleeve_length_type,Larga
88_49708304_sleeve_length_type,INVALID
88_49706230_sleeve_length_type,Larga
88_49715145_sleeve_length_type,INVALID
88_49714095_sleeve_length_type,INVALID
88_49714372_sleeve_length_type,Larga
88_49729306_sleeve_length_type,Tirante Fino
88_49713953_sleeve_length_type,INVALID
88_49718788_sleeve_length_type,Larga
88_49722768_sleeve_length_type,INVALID
88_49718849_sleeve_length_type,INVALID
88_49707244_sleeve_length_type,INVALID
88_49714094_sleeve_length_type,INVALID
88_49713596_sleeve_length_type,Larga
88_49733873_sleeve_length_type,INVALID
88_49724649_sleeve_length_type,INVALID
88_49715179_sleeve_length_type,Larga
88_49717965_sleeve_length_type,Sin Manga
88_49728914_sleeve_length_type,INVALID
88_49715198_sleeve_length_type,INVALID
88_49715151_sleeve_length_type,Larga
88_49717038_sleeve_length_type,INVALID
88_49724163_sleeve_length_type,Larga
88_49713954_sleeve_length_type,Larga
88_49723300_sleeve_length_type,INVALID
88_49713423_sleeve_length_type,Sin Manga
88_49712987_sleeve_length_type,Larga
88_49731844_sleeve_length_type,Corta
88_49720285_sleeve_length_type,INVALID
88_49722468_sleeve_length_type,INVALID
88_49720011_sleeve_length_type,Corta
88_49728854_sleeve_length_type,Larga
88_49710985_sleeve_length_type,Larga
88_49719808_sleeve_length_type,Corta
88_49719652_sleeve_length_type,INVALID
88_49729345_sleeve_length_type,INVALID
88_49725231_sleeve_length_type,Larga
88_49709862_sleeve_length_type,Larga
88_49731868_sleeve_length_type,Larga
88_49718114_sleeve_length_type,INVALID
88_49721719_sleeve_length_type,Corta
88_49731007_sleeve_length_type,INVALID
88_49723715_sleeve_length_type,INVALID
88_49712740_sleeve_length_type,INVALID
88_49722730_sleeve_length_type,INVALID
88_49723526_sleeve_length_type,INVALID
88_49733655_sleeve_length_type,Larga
88_49722765_sleeve_length_type,INVALID
88_49713798_sleeve_length_type,INVALID
88_49712240_sleeve_length_type,Larga
88_49729850_sleeve_length_type,INVALID
88_49713368_sleeve_length_type,INVALID
88_49718627_sleeve_length_type,INVALID
88_49721675_sleeve_length_type,Sin Manga
88_49740981_sleeve_length_type,INVALID
88_49710886_sleeve_length_type,Larga
88_49715343_sleeve_length_type,INVALID
88_49719956_sleeve_length_type,Larga
88_49726492_sleeve_length_type,INVALID
88_49711143_sleeve_length_type,INVALID
88_49709573_sleeve_length_type,Corta
88_49717055_sleeve_length_type,Larga
88_49720313_sleeve_length_type,Larga
88_49719430_sleeve_length_type,Larga
88_49731321_sleeve_length_type,INVALID
88_49729718_sleeve_length_type,Corta
88_49712244_sleeve_length_type,INVALID
88_49732380_sleeve_length_type,INVALID
88_49734453_sleeve_length_type,INVALID
88_49719865_sleeve_length_type,INVALID
88_49724598_sleeve_length_type,Larga
88_49714152_sleeve_length_type,INVALID
88_49711353_sleeve_length_type,INVALID
88_49715042_sleeve_length_type,Larga
88_49708912_sleeve_length_type,INVALID
88_49729116_sleeve_length_type,Corta
88_49712566_sleeve_length_type,INVALID
88_49711607_sleeve_length_type,INVALID
88_49713944_sleeve_length_type,Larga
88_49716356_sleeve_length_type,Larga
88_49712610_sleeve_length_type,Larga
88_49725777_sleeve_length_type,Sin Manga
88_49719105_sleeve_length_type,Corta
88_49722058_sleeve_length_type,Corta
88_49716358_sleeve_length_type,Larga
88_49734604_sleeve_length_type,INVALID
88_49718620_sleeve_length_type,Larga
88_49729168_sleeve_length_type,INVALID
88_49725768_sleeve_length_type,Corta
88_49719872_sleeve_length_type,Corta
88_49713384_sleeve_length_type,INVALID
88_49707247_sleeve_length_type,INVALID
88_49730467_sleeve_length_type,Sin Manga
88_49717971_sleeve_length_type,Larga
88_49722728_sleeve_length_type,Larga
88_49708299_sleeve_length_type,INVALID
88_49710267_sleeve_length_type,Larga
88_49719350_sleeve_length_type,Larga
88_49714944_sleeve_length_type,Tirante Ancho
88_49712235_sleeve_length_type,INVALID
88_49726801_sleeve_length_type,Sin Manga
88_49727754_sleeve_length_type,INVALID
88_49722054_sleeve_length_type,Larga
88_49724207_sleeve_length_type,Larga
88_49715365_sleeve_length_type,Larga
88_49718619_sleeve_length_type,INVALID
88_49728641_sleeve_length_type,Corta
88_49723334_sleeve_length_type,INVALID
88_49711205_sleeve_length_type,INVALID
88_49720286_sleeve_length_type,INVALID
88_49709849_sleeve_length_type,Larga
88_49722036_sleeve_length_type,Larga
88_49730875_sleeve_length_type,INVALID
88_49714688_sleeve_length_type,INVALID
88_49719424_sleeve_length_type,INVALID
88_49727509_sleeve_length_type,INVALID
88_49727600_sleeve_length_type,Larga
88_49731413_sleeve_length_type,INVALID
88_49710557_sleeve_length_type,INVALID
88_49738141_sleeve_length_type,INVALID
88_49722467_sleeve_length_type,INVALID
88_49714358_sleeve_length_type,INVALID
88_49742785_sleeve_length_type,INVALID
88_49724665_sleeve_length_type,INVALID
88_49715900_sleeve_length_type,Corta
88_49713005_sleeve_length_type,INVALID
88_49732382_sleeve_length_type,Larga
88_49719365_sleeve_length_type,Larga
88_49707257_sleeve_length_type,INVALID
88_49718118_sleeve_length_type,Larga
88_49723573_sleeve_length_type,INVALID
88_49722483_sleeve_length_type,INVALID
88_49738975_sleeve_length_type,Larga
88_49720815_sleeve_length_type,Larga
88_49713918_sleeve_length_type,Larga
88_49730260_sleeve_length_type,INVALID
88_49713371_sleeve_length_type,INVALID
88_49709576_sleeve_length_type,Corta
88_49722758_sleeve_length_type,Sin Manga
88_49715890_sleeve_length_type,INVALID
88_49714914_sleeve_length_type,INVALID
88_49730992_sleeve_length_type,INVALID
88_49718611_sleeve_length_type,Corta
88_49706785_sleeve_length_type,INVALID
88_49721975_sleeve_length_type,Larga
88_49713051_sleeve_length_type,Larga
88_49733118_sleeve_length_type,INVALID
88_49723876_sleeve_length_type,INVALID
88_49717860_sleeve_length_type,INVALID
88_49728192_sleeve_length_type,Corta
88_49723586_sleeve_length_type,INVALID
88_49718789_sleeve_length_type,Corta
88_49708378_sleeve_length_type,Larga
88_49711044_sleeve_length_type,Larga
88_49708013_sleeve_length_type,INVALID
88_49736543_sleeve_length_type,Sin Manga
88_49726163_sleeve_length_type,INVALID
88_49717961_sleeve_length_type,INVALID
88_49718153_sleeve_length_type,Larga
88_49708386_sleeve_length_type,Larga
88_49706424_sleeve_length_type,INVALID
88_49717299_sleeve_length_type,INVALID
88_49721701_sleeve_length_type,INVALID
88_49718193_sleeve_length_type,Larga
88_49719702_sleeve_length_type,INVALID
88_49714137_sleeve_length_type,Corta
88_49713382_sleeve_length_type,INVALID
88_49722022_sleeve_length_type,INVALID
88_49710196_sleeve_length_type,INVALID
88_49721427_sleeve_length_type,INVALID
88_49719850_sleeve_length_type,Larga
88_49725769_sleeve_length_type,Larga
88_49711134_sleeve_length_type,Larga
88_49721079_sleeve_length_type,Tirante Ancho
88_49724221_sleeve_length_type,INVALID
88_49718180_sleeve_length_type,Larga
88_49729890_sleeve_length_type,Larga
88_49727917_sleeve_length_type,Larga
88_49710884_sleeve_length_type,Larga
88_49720314_sleeve_length_type,Corta
88_49713331_sleeve_length_type,Larga
88_49709802_sleeve_length_type,INVALID
88_49723049_sleeve_length_type,INVALID
88_49729937_sleeve_length_type,Larga
88_49723893_sleeve_length_type,Larga
88_49708365_sleeve_length_type,INVALID
88_49712713_sleeve_length_type,INVALID
88_49731691_sleeve_length_type,Larga
88_49722719_sleeve_length_type,Larga
88_49725642_sleeve_length_type,INVALID
88_49720065_sleeve_length_type,Corta
88_49721695_sleeve_length_type,Larga
88_49729143_sleeve_length_type,INVALID
88_49731715_sleeve_length_type,INVALID
88_49720026_sleeve_length_type,Larga
88_49729492_sleeve_length_type,Larga
88_49723336_sleeve_length_type,Larga
88_49728666_sleeve_length_type,Corta
88_49708032_sleeve_length_type,Larga
88_49706905_sleeve_length_type,Tirante Ancho
88_49712359_sleeve_length_type,INVALID
88_49727357_sleeve_length_type,INVALID
88_49729868_sleeve_length_type,Corta
88_49731374_sleeve_length_type,Larga
88_49732648_sleeve_length_type,INVALID
88_49723583_sleeve_length_type,INVALID
88_49709854_sleeve_length_type,INVALID
88_49730873_sleeve_length_type,INVALID
88_49729151_sleeve_length_type,INVALID
88_49729463_sleeve_length_type,Sin Manga
88_49734460_sleeve_length_type,Larga
88_49721735_sleeve_length_type,INVALID
88_49706437_sleeve_length_type,INVALID
88_49724254_sleeve_length_type,INVALID
88_49723710_sleeve_length_type,Corta
88_49722083_sleeve_length_type,INVALID
88_49730312_sleeve_length_type,INVALID
88_49730308_sleeve_length_type,Corta
88_49721159_sleeve_length_type,INVALID
88_49714934_sleeve_length_type,Larga
88_49737954_sleeve_length_type,Tirante Ancho
88_49729914_sleeve_length_type,INVALID
88_49714111_sleeve_length_type,Larga
88_49709577_sleeve_length_type,Corta
88_49713073_sleeve_length_type,INVALID
88_49729877_sleeve_length_type,Corta
88_49729858_sleeve_length_type,Corta
88_49726789_sleeve_length_type,INVALID
88_49713817_sleeve_length_type,INVALID
88_49732385_sleeve_length_type,Larga
88_49715679_sleeve_length_type,Larga
88_49728676_sleeve_length_type,INVALID
88_49734560_sleeve_length_type,Larga
88_49712406_sleeve_length_type,Larga
88_49724251_sleeve_length_type,INVALID
88_49719690_sleeve_length_type,INVALID
88_49714112_sleeve_length_type,Larga
88_49724223_sleeve_length_type,INVALID
88_49724914_sleeve_length_type,INVALID
88_49714715_sleeve_length_type,INVALID
88_49729929_sleeve_length_type,Larga
88_49726868_sleeve_length_type,INVALID
88_49710914_sleeve_length_type,Larga
88_49732359_sleeve_length_type,INVALID
88_49719002_sleeve_length_type,INVALID
88_49724243_sleeve_length_type,INVALID
88_49721419_sleeve_length_type,INVALID
88_49718854_sleeve_length_type,INVALID
88_49717332_sleeve_length_type,INVALID
88_49710532_sleeve_length_type,Tirante Ancho
88_49733482_sleeve_length_type,INVALID
88_49713433_sleeve_length_type,Larga
88_49707272_sleeve_length_type,Larga
88_49718969_sleeve_length_type,Corta
88_49729888_sleeve_length_type,INVALID
88_49723335_sleeve_length_type,INVALID
88_49732360_sleeve_length_type,INVALID
88_49719361_sleeve_length_type,Larga
88_49728728_sleeve_length_type,Sin Manga
88_49716815_sleeve_length_type,INVALID
88_49729296_sleeve_length_type,Tirante Fino
88_49710290_sleeve_length_type,INVALID
88_49720064_sleeve_length_type,INVALID
88_49711617_sleeve_length_type,Larga
88_49717534_sleeve_length_type,Larga
88_49720018_sleeve_length_type,Larga
88_49743912_sleeve_length_type,INVALID
88_49717047_sleeve_length_type,INVALID
88_49728894_sleeve_length_type,INVALID
88_49711386_sleeve_length_type,Larga
88_49729726_sleeve_length_type,Larga
88_49718146_sleeve_length_type,Larga
88_49717507_sleeve_length_type,INVALID
88_49717037_sleeve_length_type,Larga
88_49733670_sleeve_length_type,Larga
88_49722772_sleeve_length_type,Larga
88_49729930_sleeve_length_type,INVALID
88_49711388_sleeve_length_type,INVALID
88_49713424_sleeve_length_type,Tirante Ancho
88_49725171_sleeve_length_type,Corta
88_49731696_sleeve_length_type,Tirante Fino
88_49726836_sleeve_length_type,Sin Manga
88_49717527_sleeve_length_type,Larga
88_49710987_sleeve_length_type,Larga
88_49716625_sleeve_length_type,INVALID
88_49711352_sleeve_length_type,Larga
88_49726867_sleeve_length_type,INVALID
88_49726881_sleeve_length_type,INVALID
88_49714942_sleeve_length_type,INVALID
88_49719120_sleeve_length_type,Larga
88_49731841_sleeve_length_type,Tirante Ancho
88_49716820_sleeve_length_type,INVALID
88_49715386_sleeve_length_type,INVALID
88_49706084_sleeve_length_type,INVALID
88_49733682_sleeve_length_type,Larga
88_49724170_sleeve_length_type,Larga
88_49723236_sleeve_length_type,Corta
88_49727319_sleeve_length_type,INVALID
88_49713825_sleeve_length_type,INVALID
88_49729513_sleeve_length_type,INVALID
88_49723346_sleeve_length_type,Larga
88_49728113_sleeve_length_type,Larga
88_49713929_sleeve_length_type,INVALID
88_49719135_sleeve_length_type,Corta
88_49731008_sleeve_length_type,Corta
88_49721689_sleeve_length_type,INVALID
88_49715305_sleeve_length_type,INVALID
88_49714971_sleeve_length_type,INVALID
88_49716770_sleeve_length_type,INVALID
88_49718157_sleeve_length_type,INVALID
88_49719346_sleeve_length_type,INVALID
88_49720800_sleeve_length_type,Sin Manga
88_49729509_sleeve_length_type,Larga
88_49712575_sleeve_length_type,Larga
88_49717553_sleeve_length_type,Corta
88_49712609_sleeve_length_type,INVALID
88_49716125_sleeve_length_type,Corta
88_49729459_sleeve_length_type,Corta
88_49730317_sleeve_length_type,INVALID
88_49720000_sleeve_length_type,Larga
88_49713327_sleeve_length_type,Larga
88_49712590_sleeve_length_type,Larga
88_49720812_sleeve_length_type,Corta
88_49719095_sleeve_length_type,Larga
88_49719318_sleeve_length_type,INVALID
88_49715893_sleeve_length_type,Larga
88_49732273_sleeve_length_type,Sin Manga
88_49716780_sleeve_length_type,INVALID
88_49732111_sleeve_length_type,Corta
88_49719347_sleeve_length_type,INVALID
88_49723874_sleeve_length_type,INVALID
88_49717321_sleeve_length_type,INVALID
88_49712720_sleeve_length_type,Larga
88_49709814_sleeve_length_type,INVALID
88_49707521_sleeve_length_type,Larga
88_49721739_sleeve_length_type,Sin Manga
88_49725820_sleeve_length_type,INVALID
88_49723359_sleeve_length_type,INVALID
88_49708296_sleeve_length_type,INVALID
88_49729504_sleeve_length_type,INVALID
88_49734839_sleeve_length_type,Sin Manga
88_49708019_sleeve_length_type,Corta
88_49714903_sleeve_length_type,Larga
88_49731438_sleeve_length_type,INVALID
88_49719149_sleeve_length_type,INVALID
88_49727057_sleeve_length_type,Larga
88_49722088_sleeve_length_type,Larga
88_49708308_sleeve_length_type,INVALID
88_49719955_sleeve_length_type,Larga
88_49730860_sleeve_length_type,Corta
88_49727117_sleeve_length_type,INVALID
88_49713378_sleeve_length_type,Corta
88_49717867_sleeve_length_type,INVALID
88_49728629_sleeve_length_type,Corta
88_49727624_sleeve_length_type,Sin Manga
88_49712591_sleeve_length_type,Larga
88_49732860_sleeve_length_type,Corta
88_49713434_sleeve_length_type,Larga
88_49718109_sleeve_length_type,Larga
88_49713941_sleeve_length_type,Larga
88_49725184_sleeve_length_type,Larga
88_49729342_sleeve_length_type,INVALID
88_49725197_sleeve_length_type,Tirante Fino
88_49719097_sleeve_length_type,Larga
88_49719975_sleeve_length_type,Larga
88_49709848_sleeve_length_type,Larga
88_49737951_sleeve_length_type,Larga
88_49727315_sleeve_length_type,Larga
88_49729472_sleeve_length_type,Larga
88_49711348_sleeve_length_type,INVALID
88_49719138_sleeve_length_type,Corta
88_49733109_sleeve_length_type,Corta
88_49731013_sleeve_length_type,INVALID
88_49728662_sleeve_length_type,INVALID
88_49717028_sleeve_length_type,Larga
88_49727948_sleeve_length_type,Larga
88_49726643_sleeve_length_type,Larga
88_49719396_sleeve_length_type,Larga
88_49724931_sleeve_length_type,INVALID
88_49721964_sleeve_length_type,Corta
88_49714364_sleeve_length_type,Larga
88_49725181_sleeve_length_type,Corta
88_49724579_sleeve_length_type,Larga
88_49711638_sleeve_length_type,Sin Manga
88_49726653_sleeve_length_type,INVALID
88_49728454_sleeve_length_type,INVALID
88_49719148_sleeve_length_type,INVALID
88_49719088_sleeve_length_type,Larga
88_49713906_sleeve_length_type,INVALID
88_49730894_sleeve_length_type,INVALID
88_49715204_sleeve_length_type,INVALID
88_49720827_sleeve_length_type,INVALID
88_49729871_sleeve_length_type,INVALID
88_49728889_sleeve_length_type,Corta
88_49715325_sleeve_length_type,INVALID
88_49731300_sleeve_length_type,Larga
88_49729464_sleeve_length_type,Sin Manga
88_49707252_sleeve_length_type,INVALID
88_49723525_sleeve_length_type,INVALID
88_49710588_sleeve_length_type,INVALID
88_49723313_sleeve_length_type,Larga
88_49715783_sleeve_length_type,Sin Manga
88_49718165_sleeve_length_type,Larga
88_49719641_sleeve_length_type,INVALID
88_49739498_sleeve_length_type,Larga
88_49713601_sleeve_length_type,Larga
88_49719995_sleeve_length_type,INVALID
88_49725640_sleeve_length_type,INVALID
88_49723305_sleeve_length_type,INVALID
88_49712034_sleeve_length_type,Corta
88_49741741_sleeve_length_type,Larga
88_49720067_sleeve_length_type,Corta
88_49713595_sleeve_length_type,INVALID
88_49734155_sleeve_length_type,INVALID
88_49722729_sleeve_length_type,INVALID
88_49718110_sleeve_length_type,Larga
88_49712102_sleeve_length_type,Corta
88_49717529_sleeve_length_type,INVALID
88_49731430_sleeve_length_type,INVALID
88_49732373_sleeve_length_type,Corta
88_49714046_sleeve_length_type,Corta
88_49719315_sleeve_length_type,INVALID
88_49720705_sleeve_length_type,INVALID
88_49711622_sleeve_length_type,Larga
88_49717424_sleeve_length_type,INVALID
88_49712228_sleeve_length_type,INVALID
88_49714021_sleeve_length_type,Larga
88_49710995_sleeve_length_type,Larga
88_49730855_sleeve_length_type,Larga
88_49723031_sleeve_length_type,INVALID
88_49725813_sleeve_length_type,Larga
88_49710266_sleeve_length_type,Larga
88_49710893_sleeve_length_type,Larga
88_49718790_sleeve_length_type,Corta
88_49724237_sleeve_length_type,Corta
88_49740277_sleeve_length_type,Tirante Fino
88_49711039_sleeve_length_type,Larga
88_49729751_sleeve_length_type,Larga
88_49729460_sleeve_length_type,Larga
88_49727946_sleeve_length_type,INVALID
88_49731414_sleeve_length_type,Tirante Fino
88_49718106_sleeve_length_type,INVALID
88_49711106_sleeve_length_type,Larga
88_49718140_sleeve_length_type,Corta
88_49732354_sleeve_length_type,INVALID
88_49712558_sleeve_length_type,Larga
88_49732121_sleeve_length_type,Larga
88_49723857_sleeve_length_type,Corta
88_49719890_sleeve_length_type,INVALID
88_49707281_sleeve_length_type,INVALID
88_49711093_sleeve_length_type,Corta
88_49727530_sleeve_length_type,INVALID
88_49720740_sleeve_length_type,Larga
88_49713037_sleeve_length_type,Larga
88_49720850_sleeve_length_type,Corta
88_49717964_sleeve_length_type,INVALID
88_49713627_sleeve_length_type,Larga
88_49729897_sleeve_length_type,Corta
88_49728898_sleeve_length_type,Tirante Fino
88_49730248_sleeve_length_type,Larga
88_49733465_sleeve_length_type,Corta
88_49717325_sleeve_length_type,INVALID
88_49724252_sleeve_length_type,Larga
88_49721749_sleeve_length_type,Larga
88_49708533_sleeve_length_type,Larga
88_49713934_sleeve_length_type,Larga
88_49720715_sleeve_length_type,Larga
88_49723713_sleeve_length_type,INVALID
88_49717962_sleeve_length_type,INVALID
88_49711336_sleeve_length_type,Larga
88_49728109_sleeve_length_type,Corta
88_49728152_sleeve_length_type,INVALID
88_49731286_sleeve_length_type,INVALID
88_49729872_sleeve_length_type,Corta
88_49713418_sleeve_length_type,Larga
88_49717322_sleeve_length_type,Larga
88_49727517_sleeve_length_type,Larga
88_49715139_sleeve_length_type,Corta
88_49734859_sleeve_length_type,Larga
88_49733107_sleeve_length_type,INVALID
88_49734290_sleeve_length_type,INVALID
88_49714919_sleeve_length_type,Larga
88_49713946_sleeve_length_type,INVALID
88_49711822_sleeve_length_type,INVALID
88_49723256_sleeve_length_type,INVALID
88_49713920_sleeve_length_type,Larga
88_49707280_sleeve_length_type,INVALID
88_49716497_sleeve_length_type,INVALID
88_49715166_sleeve_length_type,Corta
88_49719438_sleeve_length_type,Larga
88_49731725_sleeve_length_type,Larga
88_49729867_sleeve_length_type,Corta
88_49713060_sleeve_length_type,Larga
88_49731421_sleeve_length_type,INVALID
88_49721760_sleeve_length_type,Larga
88_49708388_sleeve_length_type,Larga
88_49729457_sleeve_length_type,Sin Manga
88_49720752_sleeve_length_type,INVALID
88_49710400_sleeve_length_type,INVALID
88_49710577_sleeve_length_type,INVALID
88_49719129_sleeve_length_type,Corta
88_49718971_sleeve_length_type,Corta
88_49719918_sleeve_length_type,Larga
88_49708917_sleeve_length_type,Sin Manga
88_49728470_sleeve_length_type,INVALID
88_49727104_sleeve_length_type,Larga
88_49715674_sleeve_length_type,INVALID
88_49729870_sleeve_length_type,Corta
88_49713962_sleeve_length_type,Corta
88_49719084_sleeve_length_type,Larga
88_49719889_sleeve_length_type,Corta
88_49731700_sleeve_length_type,Sin Manga
88_49713791_sleeve_length_type,INVALID
88_49716498_sleeve_length_type,Larga
88_49719003_sleeve_length_type,Corta
88_49724568_sleeve_length_type,Corta
88_49715374_sleeve_length_type,INVALID
88_49725258_sleeve_length_type,Larga
88_49707290_sleeve_length_type,Larga
88_49713786_sleeve_length_type,INVALID
88_49715362_sleeve_length_type,INVALID
88_49729892_sleeve_length_type,Larga
88_49708697_sleeve_length_type,INVALID
88_49706425_sleeve_length_type,INVALID
88_49718848_sleeve_length_type,INVALID
88_49712046_sleeve_length_type,Larga
88_49734570_sleeve_length_type,INVALID
88_49731310_sleeve_length_type,Larga
88_49720264_sleeve_length_type,INVALID
88_49711051_sleeve_length_type,Corta
88_49726145_sleeve_length_type,INVALID
88_49720300_sleeve_length_type,Larga
88_49727110_sleeve_length_type,Sin Manga
88_49718431_sleeve_length_type,Corta
88_49711011_sleeve_length_type,Larga
88_49731694_sleeve_length_type,Tirante Fino
88_49710892_sleeve_length_type,Larga
88_49726122_sleeve_length_type,Larga
88_49742564_sleeve_length_type,INVALID
88_49731422_sleeve_length_type,Larga
88_49729148_sleeve_length_type,INVALID
88_49713631_sleeve_length_type,INVALID
88_49709797_sleeve_length_type,INVALID
88_49717008_sleeve_length_type,Corta
88_49727505_sleeve_length_type,Sin Manga
88_49712612_sleeve_length_type,INVALID
88_49714960_sleeve_length_type,Larga
88_49713335_sleeve_length_type,Larga
88_49726112_sleeve_length_type,INVALID
88_49735575_sleeve_length_type,Tirante Fino
88_49712051_sleeve_length_type,INVALID
88_49725795_sleeve_length_type,INVALID
88_49721441_sleeve_length_type,Larga
88_49732383_sleeve_length_type,Corta
88_49726833_sleeve_length_type,Larga
88_49733140_sleeve_length_type,INVALID
88_49721670_sleeve_length_type,Corta
88_49711024_sleeve_length_type,Larga
88_49731818_sleeve_length_type,Tirante Ancho
88_49728623_sleeve_length_type,INVALID
88_49730898_sleeve_length_type,Larga
88_49723301_sleeve_length_type,Larga
88_49714703_sleeve_length_type,Corta
88_49712403_sleeve_length_type,Larga
88_49718645_sleeve_length_type,INVALID
88_49714681_sleeve_length_type,INVALID
88_49722697_sleeve_length_type,INVALID
88_49729532_sleeve_length_type,INVALID
88_49727502_sleeve_length_type,Sin Manga
88_49730853_sleeve_length_type,Corta
88_49718844_sleeve_length_type,INVALID
88_49733664_sleeve_length_type,Corta
88_49733684_sleeve_length_type,Corta
88_49734582_sleeve_length_type,Corta
88_49713574_sleeve_length_type,Corta
88_49734832_sleeve_length_type,Larga
88_49740979_sleeve_length_type,INVALID
88_49728722_sleeve_length_type,Larga
88_49711122_sleeve_length_type,INVALID
88_49734813_sleeve_length_type,INVALID
88_49720949_sleeve_length_type,INVALID
88_49714707_sleeve_length_type,INVALID
88_49717516_sleeve_length_type,Larga
88_49719997_sleeve_length_type,Larga
88_49710468_sleeve_length_type,INVALID
88_49734853_sleeve_length_type,INVALID
88_49728928_sleeve_length_type,INVALID
88_49721462_sleeve_length_type,Corta
88_49724613_sleeve_length_type,Larga
88_49739286_sleeve_length_type,Corta
88_49729924_sleeve_length_type,Larga
88_49708544_sleeve_length_type,INVALID
88_49725635_sleeve_length_type,INVALID
88_49704978_sleeve_length_type,INVALID
88_49721708_sleeve_length_type,Larga
88_49719332_sleeve_length_type,INVALID
88_49713899_sleeve_length_type,INVALID
88_49734821_sleeve_length_type,INVALID
88_49719909_sleeve_length_type,Corta
88_49704445_sleeve_length_type,INVALID
88_49710942_sleeve_length_type,Larga
88_49737418_sleeve_length_type,Larga
88_49720068_sleeve_length_type,Tirante Ancho
88_49706421_sleeve_length_type,INVALID
88_49732639_sleeve_length_type,INVALID
88_49724626_sleeve_length_type,INVALID
88_49710235_sleeve_length_type,Larga
88_49719117_sleeve_length_type,Corta
88_49714116_sleeve_length_type,Corta
88_49711232_sleeve_length_type,Corta
88_49731366_sleeve_length_type,INVALID
88_49718979_sleeve_length_type,INVALID
88_49731273_sleeve_length_type,Sin Manga
88_49713909_sleeve_length_type,INVALID
88_49718855_sleeve_length_type,Larga
88_49725412_sleeve_length_type,Tirante Fino
88_49704977_sleeve_length_type,INVALID
88_49724200_sleeve_length_type,Larga
88_49711231_sleeve_length_type,Corta
88_49729865_sleeve_length_type,Larga
88_49725796_sleeve_length_type,Corta
88_49713828_sleeve_length_type,INVALID
88_49712201_sleeve_length_type,Larga
88_49726105_sleeve_length_type,Larga
88_49729763_sleeve_length_type,Larga
88_49709799_sleeve_length_type,INVALID
88_49715191_sleeve_length_type,INVALID
88_49722081_sleeve_length_type,INVALID
88_49711146_sleeve_length_type,Corta
88_49716513_sleeve_length_type,Sin Manga
88_49717890_sleeve_length_type,INVALID
88_49731702_sleeve_length_type,Larga
88_49713925_sleeve_length_type,INVALID
88_49714376_sleeve_length_type,INVALID
88_49713023_sleeve_length_type,INVALID
88_49735465_sleeve_length_type,Sin Manga
88_49728642_sleeve_length_type,Corta
88_49722991_sleeve_length_type,Larga
88_49715329_sleeve_length_type,INVALID
88_49712738_sleeve_length_type,Larga
88_49720292_sleeve_length_type,Larga
88_49733488_sleeve_length_type,Sin Manga
88_49721406_sleeve_length_type,INVALID
88_49713392_sleeve_length_type,INVALID
88_49720836_sleeve_length_type,INVALID
88_49731313_sleeve_length_type,INVALID
88_49713044_sleeve_length_type,Larga
88_49730872_sleeve_length_type,Larga
88_49710998_sleeve_length_type,Larga
88_49715046_sleeve_length_type,INVALID
88_49710939_sleeve_length_type,Larga
88_49710489_sleeve_length_type,Larga
88_49729851_sleeve_length_type,Corta
88_49722068_sleeve_length_type,INVALID
88_49716775_sleeve_length_type,INVALID
88_49715184_sleeve_length_type,Larga
88_49705113_sleeve_length_type,INVALID
88_49713961_sleeve_length_type,INVALID
88_49711103_sleeve_length_type,Corta
88_49722025_sleeve_length_type,Corta
88_49719945_sleeve_length_type,INVALID
88_49709422_sleeve_length_type,Larga
88_49723030_sleeve_length_type,INVALID
88_49705107_sleeve_length_type,INVALID
88_49712827_sleeve_length_type,Larga
88_49718768_sleeve_length_type,Larga
88_49713572_sleeve_length_type,Larga
88_49714153_sleeve_length_type,Larga
88_49714724_sleeve_length_type,Corta
88_49717752_sleeve_length_type,Corta
88_49735313_sleeve_length_type,INVALID
88_49715149_sleeve_length_type,Larga
88_49723894_sleeve_length_type,INVALID
88_49722593_sleeve_length_type,Corta
88_49716822_sleeve_length_type,INVALID
88_49727351_sleeve_length_type,Sin Manga
88_49731833_sleeve_length_type,INVALID
88_49732972_sleeve_length_type,Larga
88_49724284_sleeve_length_type,INVALID
88_49711610_sleeve_length_type,Larga
88_49711152_sleeve_length_type,Larga
88_49728130_sleeve_length_type,INVALID
88_49714056_sleeve_length_type,INVALID
88_49718456_sleeve_length_type,INVALID
88_49707297_sleeve_length_type,INVALID
88_49712398_sleeve_length_type,INVALID
88_49714970_sleeve_length_type,Larga
88_49734289_sleeve_length_type,Sin Manga
88_49722767_sleeve_length_type,INVALID
88_49729329_sleeve_length_type,Tirante Ancho
88_49723522_sleeve_length_type,INVALID
88_49723705_sleeve_length_type,Larga
88_49729123_sleeve_length_type,Corta
88_49728124_sleeve_length_type,INVALID
88_49732132_sleeve_length_type,Corta
88_49718104_sleeve_length_type,INVALID
88_49725240_sleeve_length_type,Larga
88_49730874_sleeve_length_type,INVALID
88_49720030_sleeve_length_type,INVALID
88_49732367_sleeve_length_type,INVALID
88_49712614_sleeve_length_type,INVALID
88_49710993_sleeve_length_type,Corta
88_49719313_sleeve_length_type,INVALID
88_49719307_sleeve_length_type,Corta
88_49734818_sleeve_length_type,Sin Manga
88_49716503_sleeve_length_type,INVALID
88_49721115_sleeve_length_type,Larga
88_49732656_sleeve_length_type,INVALID
88_49718823_sleeve_length_type,INVALID
88_49727097_sleeve_length_type,INVALID
88_49725223_sleeve_length_type,INVALID
88_49711033_sleeve_length_type,INVALID
88_49730326_sleeve_length_type,INVALID
88_49712239_sleeve_length_type,Larga
88_49725383_sleeve_length_type,INVALID
88_49719632_sleeve_length_type,Corta
88_49728182_sleeve_length_type,INVALID
88_49716840_sleeve_length_type,INVALID
88_49730887_sleeve_length_type,INVALID
88_49725762_sleeve_length_type,INVALID
88_49712399_sleeve_length_type,Larga
88_49715666_sleeve_length_type,INVALID
88_49710895_sleeve_length_type,INVALID
88_49704220_sleeve_length_type,INVALID
88_49715381_sleeve_length_type,Larga
88_49725222_sleeve_length_type,INVALID
88_49714329_sleeve_length_type,INVALID
88_49713415_sleeve_length_type,Larga
88_49738417_sleeve_length_type,Sin Manga
88_49713970_sleeve_length_type,Larga
88_49717559_sleeve_length_type,Larga
88_49733462_sleeve_length_type,Sin Manga
88_49706226_sleeve_length_type,Larga
88_49728663_sleeve_length_type,Larga
88_49731427_sleeve_length_type,Tirante Fino
88_49720852_sleeve_length_type,Corta
88_49719349_sleeve_length_type,INVALID
88_49729144_sleeve_length_type,Larga
88_49732298_sleeve_length_type,Larga
88_49729730_sleeve_length_type,INVALID
88_49714947_sleeve_length_type,INVALID
88_49719853_sleeve_length_type,Larga
88_49721386_sleeve_length_type,INVALID
88_49713898_sleeve_length_type,Larga
88_49712232_sleeve_length_type,Corta
88_49722255_sleeve_length_type,INVALID
88_49718155_sleeve_length_type,Larga
88_49731352_sleeve_length_type,INVALID
88_49729297_sleeve_length_type,INVALID
88_49719425_sleeve_length_type,Larga
88_49712404_sleeve_length_type,Larga
88_49731723_sleeve_length_type,INVALID
88_49723867_sleeve_length_type,Larga
88_49712619_sleeve_length_type,INVALID
88_49726770_sleeve_length_type,Corta
88_49712184_sleeve_length_type,INVALID
88_49720780_sleeve_length_type,INVALID
88_49723304_sleeve_length_type,Larga
88_49720743_sleeve_length_type,Corta
88_49707236_sleeve_length_type,INVALID
88_49722688_sleeve_length_type,INVALID
88_49711053_sleeve_length_type,Corta
88_49713810_sleeve_length_type,Tirante Fino
88_49717284_sleeve_length_type,INVALID
88_49735310_sleeve_length_type,INVALID
88_49723858_sleeve_length_type,Larga
88_49709427_sleeve_length_type,Larga
88_49740980_sleeve_length_type,Tirante Fino
88_49719288_sleeve_length_type,Larga
88_49733967_sleeve_length_type,INVALID
88_49730231_sleeve_length_type,Larga
88_49714910_sleeve_length_type,Larga
88_49727045_sleeve_length_type,Corta
88_49729939_sleeve_length_type,INVALID
88_49729150_sleeve_length_type,Larga
88_49722976_sleeve_length_type,Corta
88_49721366_sleeve_length_type,Larga
88_49732970_sleeve_length_type,Larga
88_49729140_sleeve_length_type,Larga
88_49727356_sleeve_length_type,INVALID
88_49710912_sleeve_length_type,INVALID
88_49708390_sleeve_length_type,Larga
88_49721751_sleeve_length_type,INVALID
88_49719648_sleeve_length_type,Larga
88_49731695_sleeve_length_type,Larga
88_49720744_sleeve_length_type,INVALID
88_49721117_sleeve_length_type,Corta
88_49723242_sleeve_length_type,INVALID
88_49708341_sleeve_length_type,Larga
88_49721729_sleeve_length_type,Sin Manga
88_49722737_sleeve_length_type,INVALID
88_49711023_sleeve_length_type,Larga
88_49721952_sleeve_length_type,Larga
88_49710206_sleeve_length_type,INVALID
88_49724104_sleeve_length_type,INVALID
88_49731377_sleeve_length_type,Larga
88_49735317_sleeve_length_type,INVALID
88_49717698_sleeve_length_type,INVALID
88_49723329_sleeve_length_type,Sin Manga
88_49713892_sleeve_length_type,INVALID
88_49728614_sleeve_length_type,Corta
88_49725824_sleeve_length_type,Larga
88_49731347_sleeve_length_type,INVALID
88_49725783_sleeve_length_type,Corta
88_49713592_sleeve_length_type,Larga
88_49708923_sleeve_length_type,Corta
88_49727762_sleeve_length_type,INVALID
88_49727922_sleeve_length_type,INVALID
88_49733681_sleeve_length_type,INVALID
88_49709719_sleeve_length_type,INVALID
88_49721748_sleeve_length_type,INVALID
88_49718859_sleeve_length_type,Larga
88_49728455_sleeve_length_type,INVALID
88_49713624_sleeve_length_type,Larga
88_49728689_sleeve_length_type,Larga
88_49730868_sleeve_length_type,Larga
88_49734134_sleeve_length_type,INVALID
88_49718612_sleeve_length_type,Corta
88_49720787_sleeve_length_type,Larga
88_49715678_sleeve_length_type,Larga
88_49730246_sleeve_length_type,Sin Manga
88_49723775_sleeve_length_type,INVALID
88_49725775_sleeve_length_type,Larga
88_49728147_sleeve_length_type,Larga
88_49723328_sleeve_length_type,Larga
88_49722100_sleeve_length_type,INVALID
88_49710919_sleeve_length_type,Larga
88_49720021_sleeve_length_type,Larga
88_49712219_sleeve_length_type,Larga
88_49731716_sleeve_length_type,Tirante Ancho
88_49729847_sleeve_length_type,Larga
88_49715894_sleeve_length_type,Larga
88_49731317_sleeve_length_type,INVALID
88_49718798_sleeve_length_type,Larga
88_49711824_sleeve_length_type,Larga
88_49720789_sleeve_length_type,Larga
88_49715175_sleeve_length_type,INVALID
88_49714062_sleeve_length_type,Corta
88_49713897_sleeve_length_type,Larga
88_49738260_sleeve_length_type,Larga
88_49709458_sleeve_length_type,INVALID
88_49710887_sleeve_length_type,Larga
88_49729137_sleeve_length_type,INVALID
88_49728473_sleeve_length_type,INVALID
88_49711002_sleeve_length_type,Larga
88_49724892_sleeve_length_type,Corta
88_49710251_sleeve_length_type,Larga
88_49716832_sleeve_length_type,INVALID
88_49713067_sleeve_length_type,INVALID
88_49726507_sleeve_length_type,Corta
88_49731292_sleeve_length_type,Sin Manga
88_49722775_sleeve_length_type,Tirante Fino
88_49708352_sleeve_length_type,INVALID
88_49728624_sleeve_length_type,Larga
88_49716107_sleeve_length_type,Larga
88_49732128_sleeve_length_type,Corta
88_49712747_sleeve_length_type,Tirante Ancho
88_49716825_sleeve_length_type,INVALID
88_49729844_sleeve_length_type,Larga
88_49713785_sleeve_length_type,INVALID
88_49722608_sleeve_length_type,Corta
88_49712559_sleeve_length_type,Larga
88_49720278_sleeve_length_type,Larga
88_49734160_sleeve_length_type,INVALID
88_49721737_sleeve_length_type,INVALID
88_49719126_sleeve_length_type,INVALID
88_49710976_sleeve_length_type,Larga
88_49706233_sleeve_length_type,Larga
88_49713896_sleeve_length_type,Larga
88_49721955_sleeve_length_type,Larga
88_49733139_sleeve_length_type,Larga
88_49739289_sleeve_length_type,INVALID
88_49714080_sleeve_length_type,Larga
88_49722753_sleeve_length_type,INVALID
88_49722998_sleeve_length_type,INVALID
88_49707220_sleeve_length_type,INVALID
88_49717729_sleeve_length_type,INVALID
88_49737952_sleeve_length_type,Tirante Ancho
88_49710473_sleeve_length_type,INVALID
88_49727046_sleeve_length_type,INVALID
88_49731337_sleeve_length_type,Tirante Ancho
88_49710945_sleeve_length_type,Larga
88_49720851_sleeve_length_type,Corta
88_49723225_sleeve_length_type,INVALID
88_49719305_sleeve_length_type,INVALID
88_49711376_sleeve_length_type,INVALID
88_49720322_sleeve_length_type,Larga
88_49716779_sleeve_length_type,INVALID
88_49727515_sleeve_length_type,INVALID
88_49720774_sleeve_length_type,INVALID
88_49713580_sleeve_length_type,Larga
88_49715675_sleeve_length_type,INVALID
88_49708392_sleeve_length_type,Larga
88_49711637_sleeve_length_type,Larga
88_49711171_sleeve_length_type,Corta
88_49722720_sleeve_length_type,Larga
88_49723840_sleeve_length_type,Sin Manga
88_49713016_sleeve_length_type,Larga
88_49716402_sleeve_length_type,Larga
88_49711092_sleeve_length_type,Corta
88_49722484_sleeve_length_type,INVALID
88_49707268_sleeve_length_type,Larga
88_49720001_sleeve_length_type,Larga
88_49710202_sleeve_length_type,INVALID
88_49705924_sleeve_length_type,INVALID
88_49710925_sleeve_length_type,Larga
88_49721699_sleeve_length_type,Sin Manga
88_49732863_sleeve_length_type,Larga
88_49720724_sleeve_length_type,Tirante Ancho
88_49718166_sleeve_length_type,INVALID
88_49725238_sleeve_length_type,Larga
88_49729842_sleeve_length_type,Tirante Fino
88_49716506_sleeve_length_type,Larga
88_49727298_sleeve_length_type,INVALID
88_49722038_sleeve_length_type,Larga
88_49722671_sleeve_length_type,Corta
88_49711102_sleeve_length_type,Corta
88_49725210_sleeve_length_type,Sin Manga
88_49717315_sleeve_length_type,INVALID
88_49723000_sleeve_length_type,INVALID
88_49719708_sleeve_length_type,INVALID
88_49727111_sleeve_length_type,INVALID
88_49723273_sleeve_length_type,Larga
88_49719931_sleeve_length_type,Larga
88_49728726_sleeve_length_type,Corta
88_49710936_sleeve_length_type,Larga
88_49725825_sleeve_length_type,INVALID
88_49715332_sleeve_length_type,Corta
88_49714912_sleeve_length_type,INVALID
88_49729749_sleeve_length_type,Sin Manga
88_49717306_sleeve_length_type,Larga
88_49715384_sleeve_length_type,Corta
88_49738274_sleeve_length_type,Larga
88_49708517_sleeve_length_type,Larga
88_49729147_sleeve_length_type,INVALID
88_49715383_sleeve_length_type,Corta
88_49724908_sleeve_length_type,Sin Manga
88_49732387_sleeve_length_type,INVALID
88_49711090_sleeve_length_type,Corta
88_49712055_sleeve_length_type,INVALID
88_49719128_sleeve_length_type,INVALID
88_49728140_sleeve_length_type,INVALID
88_49710633_sleeve_length_type,INVALID
88_49717333_sleeve_length_type,INVALID
88_49711126_sleeve_length_type,Larga
88_49710904_sleeve_length_type,Corta
88_49727554_sleeve_length_type,Larga
88_49727060_sleeve_length_type,Larga
88_49712865_sleeve_length_type,Larga
88_49719992_sleeve_length_type,Larga
88_49708545_sleeve_length_type,INVALID
88_49724670_sleeve_length_type,Corta
88_49716781_sleeve_length_type,Larga
88_49718134_sleeve_length_type,INVALID
88_49718591_sleeve_length_type,Larga
88_49720050_sleeve_length_type,Larga
88_49711000_sleeve_length_type,INVALID
88_49717272_sleeve_length_type,INVALID
88_49726490_sleeve_length_type,INVALID
88_49731711_sleeve_length_type,INVALID
88_49705920_sleeve_length_type,INVALID
88_49727369_sleeve_length_type,Larga
88_49729145_sleeve_length_type,INVALID
88_49712553_sleeve_length_type,Larga
88_49722632_sleeve_length_type,Larga
88_49714922_sleeve_length_type,Larga
88_49710921_sleeve_length_type,Larga
88_49723899_sleeve_length_type,INVALID
88_49727787_sleeve_length_type,INVALID
88_49717892_sleeve_length_type,INVALID
88_49728451_sleeve_length_type,Larga
88_49719439_sleeve_length_type,Larga
88_49728708_sleeve_length_type,INVALID
88_49708333_sleeve_length_type,INVALID
88_49710943_sleeve_length_type,Larga
88_49719937_sleeve_length_type,Larga
88_49717747_sleeve_length_type,Larga
88_49713365_sleeve_length_type,Corta
88_49716763_sleeve_length_type,Larga
88_49716370_sleeve_length_type,Larga
88_49718954_sleeve_length_type,Corta
88_49723574_sleeve_length_type,INVALID
88_49711350_sleeve_length_type,Larga
88_49713357_sleeve_length_type,INVALID
88_49719085_sleeve_length_type,Larga
88_49720718_sleeve_length_type,Larga
88_49718127_sleeve_length_type,Corta
88_49718993_sleeve_length_type,Corta
88_49719938_sleeve_length_type,Tirante Fino
88_49712581_sleeve_length_type,INVALID
88_49713915_sleeve_length_type,INVALID
88_49721465_sleeve_length_type,INVALID
88_49723707_sleeve_length_type,Corta
88_49718974_sleeve_length_type,Larga
88_49729489_sleeve_length_type,Larga
88_49719615_sleeve_length_type,Larga
88_49720057_sleeve_length_type,Larga
88_49733483_sleeve_length_type,Sin Manga
88_49732352_sleeve_length_type,INVALID
88_49709591_sleeve_length_type,INVALID
88_49713426_sleeve_length_type,Larga
88_49709572_sleeve_length_type,Corta
88_49714723_sleeve_length_type,Larga
88_49730478_sleeve_length_type,Larga
88_49711078_sleeve_length_type,INVALID
88_49714341_sleeve_length_type,Larga
88_49725831_sleeve_length_type,INVALID
88_49720772_sleeve_length_type,INVALID
88_49725618_sleeve_length_type,INVALID
88_49729926_sleeve_length_type,Sin Manga
88_49714679_sleeve_length_type,INVALID
88_49719941_sleeve_length_type,Larga
88_49713907_sleeve_length_type,INVALID
88_49719699_sleeve_length_type,INVALID
88_49715533_sleeve_length_type,Larga
88_49730259_sleeve_length_type,INVALID
88_49727808_sleeve_length_type,Sin Manga
88_49731023_sleeve_length_type,INVALID
88_49712396_sleeve_length_type,Larga
88_49719405_sleeve_length_type,Larga
88_49731693_sleeve_length_type,Larga
88_49728616_sleeve_length_type,Corta
88_49713383_sleeve_length_type,INVALID
88_49731043_sleeve_length_type,Tirante Ancho
88_49728659_sleeve_length_type,Corta
88_49711364_sleeve_length_type,INVALID
88_49728618_sleeve_length_type,Larga
88_49732668_sleeve_length_type,INVALID
88_49711212_sleeve_length_type,Tirante Ancho
88_49732643_sleeve_length_type,INVALID
88_49722625_sleeve_length_type,INVALID
88_49720550_sleeve_length_type,Corta
88_49735565_sleeve_length_type,Larga
88_49722445_sleeve_length_type,INVALID
88_49731358_sleeve_length_type,INVALID
88_49731334_sleeve_length_type,Larga
88_49715680_sleeve_length_type,Larga
88_49734597_sleeve_length_type,Sin Manga
88_49710466_sleeve_length_type,Larga
88_49706232_sleeve_length_type,INVALID
88_49720811_sleeve_length_type,INVALID
88_49730323_sleeve_length_type,Larga
88_49709385_sleeve_length_type,INVALID
88_49726157_sleeve_length_type,Corta
88_49709884_sleeve_length_type,INVALID
88_49726160_sleeve_length_type,Corta
88_49734150_sleeve_length_type,INVALID
88_49710208_sleeve_length_type,INVALID
88_49709830_sleeve_length_type,INVALID
88_49712208_sleeve_length_type,INVALID
88_49731294_sleeve_length_type,Larga
88_49719106_sleeve_length_type,Corta
88_49734465_sleeve_length_type,INVALID
88_49714367_sleeve_length_type,INVALID
88_49735130_sleeve_length_type,Larga
88_49709874_sleeve_length_type,INVALID
88_49712615_sleeve_length_type,INVALID
88_49740279_sleeve_length_type,INVALID
88_49719646_sleeve_length_type,Larga
88_49725384_sleeve_length_type,Larga
88_49716768_sleeve_length_type,INVALID
88_49715346_sleeve_length_type,Larga
88_49722963_sleeve_length_type,Larga
88_49718622_sleeve_length_type,Corta
88_49719912_sleeve_length_type,INVALID
88_49719341_sleeve_length_type,INVALID
88_49717702_sleeve_length_type,INVALID
88_49714955_sleeve_length_type,Larga
88_49719087_sleeve_length_type,Larga
88_49710242_sleeve_length_type,INVALID
88_49722690_sleeve_length_type,Corta
88_49724638_sleeve_length_type,INVALID
88_49727734_sleeve_length_type,Larga
88_49720731_sleeve_length_type,Larga
88_49721463_sleeve_length_type,INVALID
88_49710585_sleeve_length_type,Larga
88_49709821_sleeve_length_type,INVALID
88_49725254_sleeve_length_type,INVALID
88_49720825_sleeve_length_type,Sin Manga
88_49731360_sleeve_length_type,INVALID
88_49728111_sleeve_length_type,Larga
88_49719880_sleeve_length_type,INVALID
88_49711065_sleeve_length_type,INVALID
88_49732364_sleeve_length_type,Corta
88_49708366_sleeve_length_type,INVALID
88_49710502_sleeve_length_type,INVALID
88_49729921_sleeve_length_type,INVALID
88_49708560_sleeve_length_type,Larga
88_49726113_sleeve_length_type,Tirante Fino
88_49712391_sleeve_length_type,Larga
88_49711238_sleeve_length_type,Larga
88_49718629_sleeve_length_type,Corta
88_49725802_sleeve_length_type,INVALID
88_49724949_sleeve_length_type,INVALID
88_49733653_sleeve_length_type,Corta
88_49706241_sleeve_length_type,Larga
88_49717875_sleeve_length_type,INVALID
88_49720288_sleeve_length_type,Larga
88_49719820_sleeve_length_type,Larga
88_49719804_sleeve_length_type,Larga
88_49721367_sleeve_length_type,Larga
88_49715336_sleeve_length_type,Larga
88_49716261_sleeve_length_type,INVALID
88_49731814_sleeve_length_type,Sin Manga
88_49712064_sleeve_length_type,INVALID
88_49715189_sleeve_length_type,Larga
88_49718107_sleeve_length_type,Larga
88_49711179_sleeve_length_type,INVALID
88_49728860_sleeve_length_type,Larga
88_49711149_sleeve_length_type,INVALID
88_49713586_sleeve_length_type,INVALID
88_49717064_sleeve_length_type,Larga
88_49713583_sleeve_length_type,Corta
88_49722071_sleeve_length_type,INVALID
88_49708382_sleeve_length_type,Larga
88_49713399_sleeve_length_type,Larga
88_49727516_sleeve_length_type,Sin Manga
88_49714350_sleeve_length_type,INVALID
88_49718172_sleeve_length_type,Larga
88_49712038_sleeve_length_type,Corta
88_49728691_sleeve_length_type,Corta
88_49717291_sleeve_length_type,INVALID
88_49709812_sleeve_length_type,INVALID
88_49728178_sleeve_length_type,INVALID
88_49712238_sleeve_length_type,Larga
88_49720768_sleeve_length_type,Corta
88_49709586_sleeve_length_type,INVALID
88_49708314_sleeve_length_type,INVALID
88_49709725_sleeve_length_type,INVALID
88_49734278_sleeve_length_type,Corta
88_49738413_sleeve_length_type,Tirante Fino
88_49727731_sleeve_length_type,INVALID
88_49727075_sleeve_length_type,INVALID
88_49723246_sleeve_length_type,INVALID
88_49724132_sleeve_length_type,Larga
88_49710531_sleeve_length_type,Larga
88_49734850_sleeve_length_type,INVALID
88_49731433_sleeve_length_type,Larga
88_49716502_sleeve_length_type,INVALID
88_49710933_sleeve_length_type,Larga
88_49733116_sleeve_length_type,Larga
88_49719697_sleeve_length_type,Larga
88_49713042_sleeve_length_type,INVALID
88_49719017_sleeve_length_type,INVALID
88_49731379_sleeve_length_type,INVALID
88_49712229_sleeve_length_type,Larga
88_49722253_sleeve_length_type,INVALID
88_49708037_sleeve_length_type,Larga
88_49715052_sleeve_length_type,INVALID
88_49721136_sleeve_length_type,Sin Manga
88_49724917_sleeve_length_type,INVALID
88_49717886_sleeve_length_type,INVALID
88_49719091_sleeve_length_type,Larga
88_49729783_sleeve_length_type,INVALID
88_49712411_sleeve_length_type,Larga
88_49734466_sleeve_length_type,INVALID
88_49717862_sleeve_length_type,Larga
88_49713052_sleeve_length_type,Corta
88_49722743_sleeve_length_type,INVALID
88_49729108_sleeve_length_type,Sin Manga
88_49711001_sleeve_length_type,Larga
88_49725581_sleeve_length_type,INVALID
88_49734459_sleeve_length_type,Larga
88_49727352_sleeve_length_type,Tirante Fino
88_49713767_sleeve_length_type,Corta
88_49722479_sleeve_length_type,INVALID
88_49718833_sleeve_length_type,INVALID
88_49721358_sleeve_length_type,INVALID
88_49712736_sleeve_length_type,Corta
88_49721146_sleeve_length_type,Larga
88_49709579_sleeve_length_type,Larga
88_49730309_sleeve_length_type,Larga
88_49713591_sleeve_length_type,Larga
88_49731431_sleeve_length_type,Larga
88_49706234_sleeve_length_type,Larga
88_49717057_sleeve_length_type,Larga
88_49712617_sleeve_length_type,INVALID
88_49722755_sleeve_length_type,Larga
88_49722493_sleeve_length_type,Corta
88_49723047_sleeve_length_type,INVALID
88_49715041_sleeve_length_type,Larga
88_49735320_sleeve_length_type,Sin Manga
88_49729112_sleeve_length_type,Corta
88_49730487_sleeve_length_type,Tirante Fino
88_49738259_sleeve_length_type,Tirante Fino
88_49722969_sleeve_length_type,Corta
88_49724889_sleeve_length_type,Larga
88_49729475_sleeve_length_type,INVALID
88_49719441_sleeve_length_type,INVALID
88_49719963_sleeve_length_type,INVALID
88_49712362_sleeve_length_type,INVALID
88_49718128_sleeve_length_type,Larga
88_49734803_sleeve_length_type,INVALID
88_49719415_sleeve_length_type,INVALID
88_49729843_sleeve_length_type,Larga
88_49732102_sleeve_length_type,Larga
88_49713936_sleeve_length_type,Larga
88_49729461_sleeve_length_type,INVALID
88_49731831_sleeve_length_type,Corta
88_49719845_sleeve_length_type,Larga
88_49725194_sleeve_length_type,Tirante Fino
88_49720055_sleeve_length_type,Larga
88_49721355_sleeve_length_type,INVALID
88_49717953_sleeve_length_type,INVALID
88_49722489_sleeve_length_type,INVALID
88_49720737_sleeve_length_type,Larga
88_49728887_sleeve_length_type,Larga
88_49725206_sleeve_length_type,Larga
88_49716774_sleeve_length_type,Larga
88_49732103_sleeve_length_type,Tirante Ancho
88_49721400_sleeve_length_type,Larga
88_49727312_sleeve_length_type,INVALID
88_49727739_sleeve_length_type,Larga
88_49730866_sleeve_length_type,Tirante Fino
88_49732112_sleeve_length_type,Corta
88_49710924_sleeve_length_type,Larga
88_49705925_sleeve_length_type,INVALID
88_49719404_sleeve_length_type,Larga
88_49718179_sleeve_length_type,INVALID
88_49715211_sleeve_length_type,Larga
88_49727781_sleeve_length_type,INVALID
88_49714677_sleeve_length_type,Larga
88_49710285_sleeve_length_type,Larga
88_49711145_sleeve_length_type,INVALID
88_49723616_sleeve_length_type,INVALID
88_49722228_sleeve_length_type,Tirante Fino
88_49719908_sleeve_length_type,Larga
88_49720938_sleeve_length_type,INVALID
88_49713923_sleeve_length_type,Larga
88_49719898_sleeve_length_type,Larga
88_49712098_sleeve_length_type,INVALID
88_49724894_sleeve_length_type,Larga
88_49710977_sleeve_length_type,Larga
88_49723016_sleeve_length_type,Tirante Fino
88_49711333_sleeve_length_type,Larga
88_49721437_sleeve_length_type,INVALID
88_49712214_sleeve_length_type,Larga
88_49734846_sleeve_length_type,INVALID
88_49710981_sleeve_length_type,Larga
88_49717568_sleeve_length_type,Larga
88_49723875_sleeve_length_type,INVALID
88_49728729_sleeve_length_type,INVALID
88_49710951_sleeve_length_type,INVALID
88_49730313_sleeve_length_type,INVALID
88_49726864_sleeve_length_type,Larga
88_49724081_sleeve_length_type,INVALID
88_49727499_sleeve_length_type,Sin Manga
88_49721688_sleeve_length_type,Sin Manga
88_49709834_sleeve_length_type,INVALID
88_49710946_sleeve_length_type,Larga
88_49719011_sleeve_length_type,Corta
88_49729777_sleeve_length_type,INVALID
88_49723576_sleeve_length_type,INVALID
88_49722665_sleeve_length_type,Larga
88_49722968_sleeve_length_type,Larga
88_49725400_sleeve_length_type,Larga
88_49711025_sleeve_length_type,Larga
88_49725829_sleeve_length_type,Sin Manga
88_49713576_sleeve_length_type,Larga
88_49721724_sleeve_length_type,INVALID
88_49715379_sleeve_length_type,INVALID
88_49722638_sleeve_length_type,INVALID
88_49726831_sleeve_length_type,INVALID
88_49723333_sleeve_length_type,INVALID
88_49709593_sleeve_length_type,Corta
88_49708345_sleeve_length_type,Larga
88_49722055_sleeve_length_type,Larga
88_49719965_sleeve_length_type,INVALID
88_49715635_sleeve_length_type,INVALID
88_49721970_sleeve_length_type,Larga
88_49713390_sleeve_length_type,Corta
88_49720835_sleeve_length_type,INVALID
88_49729780_sleeve_length_type,Larga
88_49712988_sleeve_length_type,Larga
88_49731426_sleeve_length_type,Tirante Ancho
88_49742781_sleeve_length_type,INVALID
88_49709810_sleeve_length_type,Larga
88_49731411_sleeve_length_type,INVALID
88_49715775_sleeve_length_type,Larga
88_49736545_sleeve_length_type,INVALID
88_49734829_sleeve_length_type,INVALID
88_49714057_sleeve_length_type,Larga
88_49727286_sleeve_length_type,Corta
88_49713085_sleeve_length_type,INVALID
88_49714038_sleeve_length_type,Tirante Ancho
88_49720790_sleeve_length_type,Larga
88_49725224_sleeve_length_type,INVALID
88_49719611_sleeve_length_type,Larga
88_49719369_sleeve_length_type,INVALID
88_49713589_sleeve_length_type,Larga
88_49714949_sleeve_length_type,Larga
88_49716773_sleeve_length_type,Larga
88_49718865_sleeve_length_type,Larga
88_49711201_sleeve_length_type,Larga
88_49729138_sleeve_length_type,Corta
88_49720350_sleeve_length_type,INVALID
88_49727606_sleeve_length_type,Larga
88_49708307_sleeve_length_type,INVALID
88_49717709_sleeve_length_type,Larga
88_49714030_sleeve_length_type,Larga
88_49723885_sleeve_length_type,INVALID
88_49705528_sleeve_length_type,Larga
88_49733469_sleeve_length_type,Sin Manga
88_49720841_sleeve_length_type,Larga
88_49712061_sleeve_length_type,INVALID
88_49729519_sleeve_length_type,Larga
88_49737955_sleeve_length_type,Larga
88_49713036_sleeve_length_type,Larga
88_49727541_sleeve_length_type,Larga
88_49719679_sleeve_length_type,Larga
88_49714098_sleeve_length_type,Larga
88_49732864_sleeve_length_type,Corta
88_49720785_sleeve_length_type,INVALID
88_49717289_sleeve_length_type,INVALID
88_49716124_sleeve_length_type,INVALID
88_49733120_sleeve_length_type,Larga
88_49728897_sleeve_length_type,INVALID
88_49737966_sleeve_length_type,Larga
88_49725198_sleeve_length_type,INVALID
88_49725183_sleeve_length_type,Larga
88_49737949_sleeve_length_type,Larga
88_49721382_sleeve_length_type,Larga
88_49717308_sleeve_length_type,INVALID
88_49721460_sleeve_length_type,INVALID
88_49718955_sleeve_length_type,Sin Manga
88_49715148_sleeve_length_type,INVALID
88_49718181_sleeve_length_type,Larga
88_49719894_sleeve_length_type,INVALID
88_49728870_sleeve_length_type,INVALID
88_49710947_sleeve_length_type,Larga
88_49709816_sleeve_length_type,INVALID
88_49729488_sleeve_length_type,Sin Manga
88_49729875_sleeve_length_type,Corta
88_49713782_sleeve_length_type,INVALID
88_49713910_sleeve_length_type,Larga
88_49733122_sleeve_length_type,Tirante Fino
88_49712095_sleeve_length_type,Larga
88_49715781_sleeve_length_type,Larga
88_49721431_sleeve_length_type,Larga
88_49720732_sleeve_length_type,Larga
88_49707523_sleeve_length_type,Larga
88_49717880_sleeve_length_type,Sin Manga
88_49729124_sleeve_length_type,Larga
88_49719623_sleeve_length_type,Corta
88_49733121_sleeve_length_type,INVALID
88_49728863_sleeve_length_type,Sin Manga
88_49727631_sleeve_length_type,INVALID
88_49731852_sleeve_length_type,Larga
88_49718846_sleeve_length_type,INVALID
88_49713759_sleeve_length_type,Sin Manga
88_49714101_sleeve_length_type,Larga
88_49732374_sleeve_length_type,INVALID
88_49707251_sleeve_length_type,INVALID
88_49717270_sleeve_length_type,INVALID
88_49717324_sleeve_length_type,INVALID
88_49714937_sleeve_length_type,INVALID
88_49723272_sleeve_length_type,Sin Manga
88_49712582_sleeve_length_type,Larga
88_49717990_sleeve_length_type,Larga
88_49728684_sleeve_length_type,INVALID
88_49732671_sleeve_length_type,Larga
88_49722592_sleeve_length_type,Corta
88_49715140_sleeve_length_type,Corta
88_49711068_sleeve_length_type,INVALID
88_49724230_sleeve_length_type,Corta
88_49713781_sleeve_length_type,INVALID
88_49708036_sleeve_length_type,Larga
88_49711174_sleeve_length_type,INVALID
88_49733463_sleeve_length_type,INVALID
88_49719654_sleeve_length_type,Corta
88_49720808_sleeve_length_type,Larga
88_49730247_sleeve_length_type,Sin Manga
88_49712599_sleeve_length_type,INVALID
88_49724228_sleeve_length_type,Larga
88_49730294_sleeve_length_type,INVALID
88_49721140_sleeve_length_type,Corta
88_49724175_sleeve_length_type,Larga
88_49717041_sleeve_length_type,INVALID
88_49713427_sleeve_length_type,Larga
88_49713107_sleeve_length_type,Larga
88_49722251_sleeve_length_type,Larga
88_49712842_sleeve_length_type,Corta
88_49721700_sleeve_length_type,Larga
88_49715772_sleeve_length_type,Larga
88_49717510_sleeve_length_type,Larga
88_49715348_sleeve_length_type,Larga
88_49711833_sleeve_length_type,Larga
88_49712976_sleeve_length_type,Larga
88_49725803_sleeve_length_type,Larga
88_49727601_sleeve_length_type,Larga
88_49725204_sleeve_length_type,INVALID
88_49719092_sleeve_length_type,Larga
88_49718168_sleeve_length_type,Larga
88_49725637_sleeve_length_type,INVALID
88_49715308_sleeve_length_type,INVALID
88_49710948_sleeve_length_type,Larga
88_49735134_sleeve_length_type,Sin Manga
88_49711632_sleeve_length_type,Corta
88_49717015_sleeve_length_type,Larga
88_49711241_sleeve_length_type,Larga
88_49711038_sleeve_length_type,Larga
88_49709424_sleeve_length_type,Larga
88_49727775_sleeve_length_type,Tirante Fino
88_49729879_sleeve_length_type,Corta
88_49730490_sleeve_length_type,Corta
88_49729949_sleeve_length_type,INVALID
88_49730470_sleeve_length_type,INVALID
88_49734144_sleeve_length_type,Larga
88_49725193_sleeve_length_type,Tirante Fino
88_49720014_sleeve_length_type,Larga
88_49731846_sleeve_length_type,Corta
88_49707228_sleeve_length_type,INVALID
88_49729494_sleeve_length_type,INVALID
88_49713822_sleeve_length_type,INVALID
88_49717286_sleeve_length_type,INVALID
88_49725576_sleeve_length_type,Larga
88_49715387_sleeve_length_type,INVALID
88_49729733_sleeve_length_type,Larga
88_49730240_sleeve_length_type,Tirante Fino
88_49720005_sleeve_length_type,INVALID
88_49724077_sleeve_length_type,Corta
88_49715134_sleeve_length_type,Corta
88_49727771_sleeve_length_type,Corta
88_49728673_sleeve_length_type,Corta
88_49712733_sleeve_length_type,Sin Manga
88_49715330_sleeve_length_type,Larga
88_49714065_sleeve_length_type,INVALID
88_49742779_sleeve_length_type,Larga
88_49710999_sleeve_length_type,Larga
88_49725373_sleeve_length_type,Larga
88_49711602_sleeve_length_type,INVALID
88_49711022_sleeve_length_type,Larga
88_49716270_sleeve_length_type,Larga
88_49723234_sleeve_length_type,INVALID
88_49729725_sleeve_length_type,Corta
88_49727532_sleeve_length_type,INVALID
88_49712998_sleeve_length_type,Larga
88_49719306_sleeve_length_type,Corta
88_49719921_sleeve_length_type,INVALID
88_49711614_sleeve_length_type,Larga
88_49728480_sleeve_length_type,Larga
88_49721122_sleeve_length_type,Sin Manga
88_49713429_sleeve_length_type,Larga
88_49720735_sleeve_length_type,Larga
88_49719957_sleeve_length_type,INVALID
88_49716351_sleeve_length_type,Larga
88_49716369_sleeve_length_type,Larga
88_49716343_sleeve_length_type,Larga
88_49721707_sleeve_length_type,Larga
88_49714072_sleeve_length_type,Larga
88_49711048_sleeve_length_type,Corta
88_49713077_sleeve_length_type,Larga
88_49719962_sleeve_length_type,Larga
88_49725610_sleeve_length_type,Larga
88_49722623_sleeve_length_type,INVALID
88_49721131_sleeve_length_type,INVALID
88_49706239_sleeve_length_type,Larga
88_49713819_sleeve_length_type,INVALID
88_49713070_sleeve_length_type,INVALID
88_49732659_sleeve_length_type,INVALID
88_49718474_sleeve_length_type,Corta
88_49710289_sleeve_length_type,INVALID
88_49725226_sleeve_length_type,Larga
88_49733125_sleeve_length_type,INVALID
88_49726820_sleeve_length_type,INVALID
88_49710637_sleeve_length_type,Larga
88_49738974_sleeve_length_type,Larga
88_49723719_sleeve_length_type,Larga
88_49714340_sleeve_length_type,Larga
88_49730886_sleeve_length_type,INVALID
88_49713622_sleeve_length_type,INVALID
88_49713020_sleeve_length_type,INVALID
88_49711362_sleeve_length_type,INVALID
88_49724283_sleeve_length_type,INVALID
88_49718162_sleeve_length_type,INVALID
88_49718791_sleeve_length_type,INVALID
88_49716826_sleeve_length_type,INVALID
88_49735137_sleeve_length_type,INVALID
88_49718351_sleeve_length_type,INVALID
88_49711844_sleeve_length_type,INVALID
88_49710594_sleeve_length_type,Larga
88_49725592_sleeve_length_type,Larga
88_49729898_sleeve_length_type,Corta
88_49735946_sleeve_length_type,Larga
88_49712193_sleeve_length_type,Corta
88_49714130_sleeve_length_type,Larga
88_49737288_sleeve_length_type,Larga
88_49719274_sleeve_length_type,INVALID
88_49730463_sleeve_length_type,INVALID
88_49727931_sleeve_length_type,INVALID
88_49722037_sleeve_length_type,Corta
88_49732861_sleeve_length_type,Larga
88_49711027_sleeve_length_type,Sin Manga
88_49727776_sleeve_length_type,Tirante Fino
88_49731692_sleeve_length_type,INVALID
88_49725253_sleeve_length_type,Larga
88_49710643_sleeve_length_type,Corta
88_49720547_sleeve_length_type,Sin Manga
88_49718131_sleeve_length_type,INVALID
88_49727598_sleeve_length_type,Sin Manga
88_49723860_sleeve_length_type,Corta
88_49715135_sleeve_length_type,Corta
88_49710232_sleeve_length_type,Corta
88_49713968_sleeve_length_type,INVALID
88_49722031_sleeve_length_type,Corta
88_49721963_sleeve_length_type,Larga
88_49716632_sleeve_length_type,INVALID
88_49711042_sleeve_length_type,Larga
88_49707227_sleeve_length_type,INVALID
88_49712598_sleeve_length_type,INVALID
88_49723019_sleeve_length_type,INVALID
88_49729334_sleeve_length_type,INVALID
88_49743586_sleeve_length_type,INVALID
88_49715910_sleeve_length_type,Larga
88_49717070_sleeve_length_type,Larga
88_49731375_sleeve_length_type,INVALID
88_49724260_sleeve_length_type,Larga
88_49720036_sleeve_length_type,Larga
88_49719983_sleeve_length_type,INVALID
88_49711061_sleeve_length_type,Corta
88_49725763_sleeve_length_type,Corta
88_49713938_sleeve_length_type,INVALID
88_49722448_sleeve_length_type,INVALID
88_49729886_sleeve_length_type,Tirante Fino
88_49722655_sleeve_length_type,Larga
88_49729305_sleeve_length_type,Sin Manga
88_49727947_sleeve_length_type,Sin Manga
88_49722210_sleeve_length_type,Sin Manga
88_49736187_sleeve_length_type,INVALID
88_49731848_sleeve_length_type,Larga
88_49728450_sleeve_length_type,INVALID
88_49729741_sleeve_length_type,INVALID
88_49719866_sleeve_length_type,INVALID
88_49734841_sleeve_length_type,Larga
88_49719932_sleeve_length_type,Corta
88_49716262_sleeve_length_type,INVALID
88_49729130_sleeve_length_type,Corta
88_49705108_sleeve_length_type,INVALID
88_49726505_sleeve_length_type,INVALID
88_49718452_sleeve_length_type,INVALID
88_49721669_sleeve_length_type,Corta
88_49706242_sleeve_length_type,Larga
88_49711089_sleeve_length_type,Larga
88_49719394_sleeve_length_type,INVALID
88_49734132_sleeve_length_type,Tirante Fino
88_49717710_sleeve_length_type,Corta
88_49722631_sleeve_length_type,INVALID
88_49710461_sleeve_length_type,Larga
88_49719309_sleeve_length_type,Larga
88_49714026_sleeve_length_type,Corta
88_49711215_sleeve_length_type,INVALID
88_49725582_sleeve_length_type,INVALID
88_49713091_sleeve_length_type,Larga
88_49714725_sleeve_length_type,Larga
88_49711346_sleeve_length_type,INVALID
88_49724887_sleeve_length_type,Corta
88_49725756_sleeve_length_type,Corta
88_49723855_sleeve_length_type,INVALID
88_49720783_sleeve_length_type,INVALID
88_49712866_sleeve_length_type,Larga
88_49719669_sleeve_length_type,INVALID
88_49713425_sleeve_length_type,Larga
88_49714071_sleeve_length_type,INVALID
88_49723850_sleeve_length_type,INVALID
88_49716396_sleeve_length_type,Larga
88_49724172_sleeve_length_type,Corta
88_49723838_sleeve_length_type,Sin Manga
88_49716627_sleeve_length_type,INVALID
88_49716816_sleeve_length_type,INVALID
88_49714730_sleeve_length_type,INVALID
88_49718820_sleeve_length_type,Larga
88_49713901_sleeve_length_type,INVALID
88_49724935_sleeve_length_type,Corta
88_49719345_sleeve_length_type,INVALID
88_49721410_sleeve_length_type,INVALID
88_49713834_sleeve_length_type,INVALID
88_49726150_sleeve_length_type,Larga
88_49713582_sleeve_length_type,Larga
88_49727770_sleeve_length_type,Sin Manga
88_49721692_sleeve_length_type,Larga
88_49729301_sleeve_length_type,Corta
88_49708318_sleeve_length_type,Larga
88_49721738_sleeve_length_type,Tirante Fino
88_49715173_sleeve_length_type,INVALID
88_49720329_sleeve_length_type,INVALID
88_49711088_sleeve_length_type,Larga
88_49720266_sleeve_length_type,INVALID
88_49715054_sleeve_length_type,Larga
88_49729781_sleeve_length_type,Corta
88_49734573_sleeve_length_type,Larga
88_49718786_sleeve_length_type,Corta
88_49708340_sleeve_length_type,INVALID
88_49711621_sleeve_length_type,Larga
88_49733490_sleeve_length_type,Larga
88_49731289_sleeve_length_type,Corta
88_49717040_sleeve_length_type,INVALID
88_49732640_sleeve_length_type,INVALID
88_49735568_sleeve_length_type,Tirante Fino
88_49713607_sleeve_length_type,INVALID
88_49731363_sleeve_length_type,Sin Manga
88_49709832_sleeve_length_type,INVALID
88_49727072_sleeve_length_type,INVALID
88_49717859_sleeve_length_type,INVALID
88_49712724_sleeve_length_type,INVALID
88_49714968_sleeve_length_type,INVALID
88_49720028_sleeve_length_type,INVALID
88_49717522_sleeve_length_type,Larga
88_49716501_sleeve_length_type,Larga
88_49713575_sleeve_length_type,Corta
88_49722992_sleeve_length_type,Larga
88_49729906_sleeve_length_type,INVALID
88_49710274_sleeve_length_type,Larga
88_49713602_sleeve_length_type,Tirante Ancho
88_49713806_sleeve_length_type,INVALID
88_49728157_sleeve_length_type,Corta
88_49705289_sleeve_length_type,INVALID
88_49721705_sleeve_length_type,Larga
88_49728149_sleeve_length_type,INVALID
88_49711217_sleeve_length_type,INVALID
88_49714131_sleeve_length_type,Larga
88_49728151_sleeve_length_type,INVALID
88_49726508_sleeve_length_type,Corta
88_49725185_sleeve_length_type,Tirante Fino
88_49719966_sleeve_length_type,INVALID
88_49717565_sleeve_length_type,Larga
88_49723023_sleeve_length_type,Corta
88_49710972_sleeve_length_type,Larga
88_49714941_sleeve_length_type,INVALID
88_49711836_sleeve_length_type,Larga
88_49714339_sleeve_length_type,INVALID
88_49709800_sleeve_length_type,INVALID
88_49708384_sleeve_length_type,INVALID
88_49720033_sleeve_length_type,Tirante Fino
88_49730871_sleeve_length_type,Larga
88_49714136_sleeve_length_type,INVALID
88_49713905_sleeve_length_type,Larga
88_49726626_sleeve_length_type,Larga
88_49727508_sleeve_length_type,Larga
88_49721717_sleeve_length_type,Larga
88_49718807_sleeve_length_type,Larga
88_49717755_sleeve_length_type,Larga
88_49710583_sleeve_length_type,Larga
88_49719009_sleeve_length_type,Larga
88_49723356_sleeve_length_type,Larga
88_49728446_sleeve_length_type,Corta
88_49711045_sleeve_length_type,Larga
88_49733126_sleeve_length_type,Corta
88_49726118_sleeve_length_type,Corta
88_49727514_sleeve_length_type,Tirante Fino
88_49711190_sleeve_length_type,INVALID
88_49720796_sleeve_length_type,Corta
88_49710934_sleeve_length_type,Larga
88_49714079_sleeve_length_type,Larga
88_49719996_sleeve_length_type,Larga
88_49719141_sleeve_length_type,INVALID
88_49730475_sleeve_length_type,Sin Manga
88_49708040_sleeve_length_type,INVALID
88_49708339_sleeve_length_type,INVALID
88_49730989_sleeve_length_type,Tirante Fino
88_49724220_sleeve_length_type,Corta
88_49721677_sleeve_length_type,INVALID
88_49720034_sleeve_length_type,INVALID
88_49708302_sleeve_length_type,INVALID
88_49718113_sleeve_length_type,INVALID
88_49717968_sleeve_length_type,INVALID
88_49729747_sleeve_length_type,Tirante Ancho
88_49711828_sleeve_length_type,Larga
88_49728500_sleeve_length_type,Larga
88_49733679_sleeve_length_type,Sin Manga
88_49711233_sleeve_length_type,Corta
88_49727288_sleeve_length_type,Larga
88_49719888_sleeve_length_type,Larga
88_49730281_sleeve_length_type,INVALID
88_49710908_sleeve_length_type,Larga
88_49713336_sleeve_length_type,INVALID
88_49719650_sleeve_length_type,INVALID
88_49728909_sleeve_length_type,Larga
88_49719710_sleeve_length_type,INVALID
88_49720027_sleeve_length_type,INVALID
88_49734136_sleeve_length_type,INVALID
88_49707271_sleeve_length_type,Larga
88_49718171_sleeve_length_type,Larga
88_49726649_sleeve_length_type,Corta
88_49711135_sleeve_length_type,Larga
88_49722675_sleeve_length_type,Sin Manga
88_49710270_sleeve_length_type,Larga
88_49711327_sleeve_length_type,Corta
88_49731287_sleeve_length_type,Corta
88_49717309_sleeve_length_type,Larga
88_49725190_sleeve_length_type,Larga
88_49708297_sleeve_length_type,INVALID
88_49727932_sleeve_length_type,Corta
88_49711133_sleeve_length_type,Larga
88_49712571_sleeve_length_type,INVALID
88_49716128_sleeve_length_type,INVALID
88_49729104_sleeve_length_type,INVALID
88_49722746_sleeve_length_type,INVALID
88_49719972_sleeve_length_type,Larga
88_49707256_sleeve_length_type,INVALID
88_49712241_sleeve_length_type,INVALID
88_49727728_sleeve_length_type,INVALID
88_49720069_sleeve_length_type,Larga
88_49720822_sleeve_length_type,Corta
88_49727305_sleeve_length_type,Larga
88_49722077_sleeve_length_type,INVALID
88_49723058_sleeve_length_type,Larga
88_49718598_sleeve_length_type,Larga
88_49728181_sleeve_length_type,INVALID
88_49705110_sleeve_length_type,INVALID
88_49724963_sleeve_length_type,Larga
88_49706786_sleeve_length_type,Larga
88_49712385_sleeve_length_type,Larga
88_49727071_sleeve_length_type,INVALID
88_49724197_sleeve_length_type,INVALID
88_49720826_sleeve_length_type,INVALID
88_49710952_sleeve_length_type,Corta
88_49706081_sleeve_length_type,Corta
88_49730236_sleeve_length_type,Corta
88_49717876_sleeve_length_type,Larga
88_49734860_sleeve_length_type,Corta
88_49708530_sleeve_length_type,INVALID
88_49713396_sleeve_length_type,INVALID
88_49731839_sleeve_length_type,INVALID
88_49723065_sleeve_length_type,INVALID
88_49725770_sleeve_length_type,Tirante Fino
88_49720077_sleeve_length_type,Larga
88_49740549_sleeve_length_type,Larga
88_49720748_sleeve_length_type,Larga
88_49713387_sleeve_length_type,INVALID
88_49726171_sleeve_length_type,INVALID
88_49719410_sleeve_length_type,INVALID
88_49723048_sleeve_length_type,INVALID
88_49722619_sleeve_length_type,INVALID
88_49723024_sleeve_length_type,Larga
88_49713840_sleeve_length_type,Larga
88_49713340_sleeve_length_type,INVALID
88_49718832_sleeve_length_type,Larga
88_49726783_sleeve_length_type,Larga
88_49723568_sleeve_length_type,Larga
88_49713053_sleeve_length_type,Larga
88_49724928_sleeve_length_type,Larga
88_49727773_sleeve_length_type,INVALID
88_49727074_sleeve_length_type,Larga
88_49717753_sleeve_length_type,Corta
88_49715136_sleeve_length_type,Corta
88_49713078_sleeve_length_type,INVALID
88_49731810_sleeve_length_type,Sin Manga
88_49733665_sleeve_length_type,Larga
88_49719805_sleeve_length_type,Corta
88_49728482_sleeve_length_type,Tirante Fino
88_49717732_sleeve_length_type,Larga
88_49716766_sleeve_length_type,INVALID
88_49723009_sleeve_length_type,Larga
88_49727961_sleeve_length_type,INVALID
88_49712602_sleeve_length_type,Larga
88_49728683_sleeve_length_type,INVALID
88_49712243_sleeve_length_type,INVALID
88_49721973_sleeve_length_type,INVALID
88_49728694_sleeve_length_type,INVALID
88_49718093_sleeve_length_type,Larga
88_49727375_sleeve_length_type,Larga
88_49711210_sleeve_length_type,Corta
88_49717556_sleeve_length_type,INVALID
88_49715473_sleeve_length_type,INVALID
88_49716267_sleeve_length_type,INVALID
88_49727919_sleeve_length_type,Larga
88_49719802_sleeve_length_type,Corta
88_49732394_sleeve_length_type,INVALID
88_49717292_sleeve_length_type,Larga
88_49718606_sleeve_length_type,Corta
88_49710429_sleeve_length_type,Tirante Fino
88_49724661_sleeve_length_type,INVALID
88_49718870_sleeve_length_type,INVALID
88_49708344_sleeve_length_type,Larga
88_49722066_sleeve_length_type,Corta
88_49710264_sleeve_length_type,Larga
88_49724224_sleeve_length_type,Larga
88_49723043_sleeve_length_type,INVALID
88_49716392_sleeve_length_type,Larga
88_49711616_sleeve_length_type,INVALID
88_49719951_sleeve_length_type,INVALID
88_49707224_sleeve_length_type,INVALID
88_49713928_sleeve_length_type,INVALID
88_49729745_sleeve_length_type,Tirante Fino
88_49717513_sleeve_length_type,Larga
88_49714061_sleeve_length_type,INVALID
88_49717027_sleeve_length_type,Larga
88_49721425_sleeve_length_type,Larga
88_49712567_sleeve_length_type,Larga
88_49713792_sleeve_length_type,INVALID
88_49723358_sleeve_length_type,INVALID
88_49724643_sleeve_length_type,Larga
88_49718968_sleeve_length_type,Corta
88_49708312_sleeve_length_type,INVALID
88_49728447_sleeve_length_type,Sin Manga
88_49716767_sleeve_length_type,Larga
88_49723271_sleeve_length_type,INVALID
88_49731284_sleeve_length_type,INVALID
88_49735461_sleeve_length_type,Corta
88_49716258_sleeve_length_type,INVALID
88_49727068_sleeve_length_type,INVALID
88_49716114_sleeve_length_type,INVALID
88_49713428_sleeve_length_type,Larga
88_49714930_sleeve_length_type,INVALID
88_49710917_sleeve_length_type,Larga
88_49715322_sleeve_length_type,INVALID
88_49721753_sleeve_length_type,INVALID
88_49719917_sleeve_length_type,Larga
88_49731354_sleeve_length_type,INVALID
88_49712369_sleeve_length_type,INVALID
88_49720293_sleeve_length_type,INVALID
88_49716623_sleeve_length_type,Larga
88_49717296_sleeve_length_type,INVALID
88_49722594_sleeve_length_type,Corta
88_49734451_sleeve_length_type,Larga
88_49711606_sleeve_length_type,Larga
88_49715523_sleeve_length_type,Larga
88_49726143_sleeve_length_type,Larga
88_49713362_sleeve_length_type,INVALID
88_49726651_sleeve_length_type,Larga
88_49715782_sleeve_length_type,Larga
88_49731425_sleeve_length_type,Sin Manga
88_49717849_sleeve_length_type,INVALID
88_49722972_sleeve_length_type,Corta
88_49714124_sleeve_length_type,INVALID
88_49715354_sleeve_length_type,INVALID
88_49713408_sleeve_length_type,Larga
88_49721761_sleeve_length_type,Larga
88_49717275_sleeve_length_type,Larga
88_49729502_sleeve_length_type,Larga
88_49727936_sleeve_length_type,INVALID
88_49722978_sleeve_length_type,Corta
88_49727800_sleeve_length_type,Larga
88_49729896_sleeve_length_type,INVALID
88_49724940_sleeve_length_type,Larga
88_49720775_sleeve_length_type,INVALID
88_49726523_sleeve_length_type,INVALID
88_49719335_sleeve_length_type,INVALID
88_49716492_sleeve_length_type,Larga
88_49709811_sleeve_length_type,Corta
88_49724656_sleeve_length_type,INVALID
88_49725575_sleeve_length_type,Larga
88_49728117_sleeve_length_type,Larga
88_49741581_sleeve_length_type,Tirante Fino
88_49715215_sleeve_length_type,Larga
88_49715532_sleeve_length_type,INVALID
88_49723617_sleeve_length_type,Larga
88_49712741_sleeve_length_type,INVALID
88_49719952_sleeve_length_type,INVALID
88_49719686_sleeve_length_type,Corta
88_49731704_sleeve_length_type,Larga
88_49724639_sleeve_length_type,INVALID
88_49719308_sleeve_length_type,Corta
88_49725628_sleeve_length_type,Larga
88_49725798_sleeve_length_type,INVALID
88_49718125_sleeve_length_type,Corta
88_49737960_sleeve_length_type,Sin Manga
88_49723054_sleeve_length_type,INVALID
88_49722238_sleeve_length_type,Corta
88_49722021_sleeve_length_type,Sin Manga
88_49730978_sleeve_length_type,Corta
88_49711381_sleeve_length_type,Corta
88_49718105_sleeve_length_type,INVALID
88_49722666_sleeve_length_type,INVALID
88_49731407_sleeve_length_type,INVALID
88_49721668_sleeve_length_type,INVALID
88_49723565_sleeve_length_type,Larga
88_49737959_sleeve_length_type,Corta
88_49711827_sleeve_length_type,Larga
88_49708924_sleeve_length_type,Corta
88_49721767_sleeve_length_type,Larga
88_49712568_sleeve_length_type,Corta
88_49731368_sleeve_length_type,Corta
88_49711613_sleeve_length_type,Larga
88_49714007_sleeve_length_type,INVALID
88_49728869_sleeve_length_type,Larga
88_49725175_sleeve_length_type,Larga
88_49706224_sleeve_length_type,Larga
88_49719687_sleeve_length_type,Corta
88_49725619_sleeve_length_type,INVALID
88_49712031_sleeve_length_type,Larga
88_49729869_sleeve_length_type,Corta
88_49719344_sleeve_length_type,INVALID
88_49714964_sleeve_length_type,Larga
88_49718206_sleeve_length_type,Larga
88_49728516_sleeve_length_type,Larga
88_49724146_sleeve_length_type,Tirante Ancho
88_49733152_sleeve_length_type,Corta
88_49727291_sleeve_length_type,INVALID
88_49721732_sleeve_length_type,Larga
88_49715164_sleeve_length_type,Corta
88_49711144_sleeve_length_type,INVALID
88_49714974_sleeve_length_type,Larga
88_49732642_sleeve_length_type,Larga
88_49731305_sleeve_length_type,Tirante Ancho
88_49719005_sleeve_length_type,Corta
88_49729330_sleeve_length_type,INVALID
88_49714945_sleeve_length_type,Tirante Ancho
88_49709798_sleeve_length_type,INVALID
88_49711094_sleeve_length_type,Corta
88_49721954_sleeve_length_type,INVALID
88_49708323_sleeve_length_type,INVALID
88_49716263_sleeve_length_type,INVALID
88_49727747_sleeve_length_type,INVALID
88_49726178_sleeve_length_type,Larga
88_49727929_sleeve_length_type,INVALID
88_49719443_sleeve_length_type,INVALID
88_49718837_sleeve_length_type,INVALID
88_49726172_sleeve_length_type,Corta
88_49719948_sleeve_length_type,INVALID
88_49711227_sleeve_length_type,Larga
88_49712234_sleeve_length_type,INVALID
88_49719291_sleeve_length_type,Larga
88_49718154_sleeve_length_type,Larga
88_49727355_sleeve_length_type,INVALID
88_49732123_sleeve_length_type,INVALID
88_49730981_sleeve_length_type,INVALID
88_49714158_sleeve_length_type,INVALID
88_49727621_sleeve_length_type,Larga
88_49721758_sleeve_length_type,Larga
88_49731812_sleeve_length_type,INVALID
88_49728680_sleeve_length_type,Corta
88_49728188_sleeve_length_type,Corta
88_49708048_sleeve_length_type,Larga
88_49727336_sleeve_length_type,Larga
88_49734284_sleeve_length_type,INVALID
88_49709589_sleeve_length_type,INVALID
88_49713069_sleeve_length_type,INVALID
88_49725172_sleeve_length_type,Larga
88_49731444_sleeve_length_type,INVALID
88_49713573_sleeve_length_type,Corta
88_49730891_sleeve_length_type,INVALID
88_49722024_sleeve_length_type,Sin Manga
88_49723708_sleeve_length_type,INVALID
88_49719610_sleeve_length_type,Corta
88_49722762_sleeve_length_type,INVALID
88_49728154_sleeve_length_type,Corta
88_49708355_sleeve_length_type,INVALID
88_49725814_sleeve_length_type,Tirante Ancho
88_49719851_sleeve_length_type,Larga
88_49733479_sleeve_length_type,Larga
88_49731418_sleeve_length_type,Tirante Fino
88_49714347_sleeve_length_type,Larga
88_49712742_sleeve_length_type,Larga
88_49713058_sleeve_length_type,Larga
88_49727768_sleeve_length_type,INVALID
88_49720823_sleeve_length_type,Larga
88_49731437_sleeve_length_type,INVALID
88_49723614_sleeve_length_type,INVALID
88_49711074_sleeve_length_type,Corta
88_49719642_sleeve_length_type,Larga
88_49720759_sleeve_length_type,INVALID
88_49713922_sleeve_length_type,Larga
88_49726766_sleeve_length_type,Corta
88_49727292_sleeve_length_type,INVALID
88_49711230_sleeve_length_type,Corta
88_49726509_sleeve_length_type,INVALID
88_49719985_sleeve_length_type,INVALID
88_49710984_sleeve_length_type,Larga
88_49720765_sleeve_length_type,Larga
88_49713578_sleeve_length_type,Larga
88_49728160_sleeve_length_type,Larga
88_49730320_sleeve_length_type,INVALID
88_49714328_sleeve_length_type,INVALID
88_49711158_sleeve_length_type,Larga
88_49705921_sleeve_length_type,INVALID
88_49713914_sleeve_length_type,INVALID
88_49734592_sleeve_length_type,Sin Manga
88_49709835_sleeve_length_type,INVALID
88_49720349_sleeve_length_type,INVALID
88_49713381_sleeve_length_type,INVALID
88_49733673_sleeve_length_type,INVALID
88_49719657_sleeve_length_type,INVALID
88_49727535_sleeve_length_type,Tirante Fino
88_49722962_sleeve_length_type,Corta
88_49718164_sleeve_length_type,Larga
88_49732396_sleeve_length_type,INVALID
88_49727539_sleeve_length_type,Larga
88_49721158_sleeve_length_type,INVALID
88_49720736_sleeve_length_type,Larga
88_49711624_sleeve_length_type,INVALID
88_49721685_sleeve_length_type,Larga
88_49714127_sleeve_length_type,Larga
88_49734133_sleeve_length_type,Corta
88_49724273_sleeve_length_type,Tirante Fino
88_49723285_sleeve_length_type,INVALID
88_49731044_sleeve_length_type,Larga
88_49724664_sleeve_length_type,INVALID
88_49722070_sleeve_length_type,INVALID
88_49711326_sleeve_length_type,Larga
88_49714710_sleeve_length_type,Corta
88_49717526_sleeve_length_type,INVALID
88_49725167_sleeve_length_type,INVALID
88_49732660_sleeve_length_type,INVALID
88_49717952_sleeve_length_type,INVALID
88_49718856_sleeve_length_type,Larga
88_49722634_sleeve_length_type,INVALID
88_49711003_sleeve_length_type,Larga
88_49709724_sleeve_length_type,INVALID
88_49729919_sleeve_length_type,INVALID
88_49708023_sleeve_length_type,INVALID
88_49729326_sleeve_length_type,INVALID
88_49722606_sleeve_length_type,INVALID
88_49709404_sleeve_length_type,Tirante Fino
88_49720916_sleeve_length_type,INVALID
88_49717031_sleeve_length_type,Corta
88_49728474_sleeve_length_type,Larga
88_49720309_sleeve_length_type,INVALID
88_49705285_sleeve_length_type,INVALID
88_49729473_sleeve_length_type,Larga
88_49728640_sleeve_length_type,Tirante Fino
88_49713959_sleeve_length_type,INVALID
88_49714717_sleeve_length_type,Larga
88_49708029_sleeve_length_type,INVALID
88_49731020_sleeve_length_type,INVALID
88_49725806_sleeve_length_type,Sin Manga
88_49715304_sleeve_length_type,INVALID
88_49708350_sleeve_length_type,Larga
88_49729118_sleeve_length_type,INVALID
88_49722507_sleeve_length_type,INVALID
88_49727603_sleeve_length_type,Corta
88_49716505_sleeve_length_type,Larga
88_49710898_sleeve_length_type,Larga
88_49715477_sleeve_length_type,Larga
88_49718159_sleeve_length_type,Larga
88_49734454_sleeve_length_type,INVALID
88_49718130_sleeve_length_type,INVALID
88_49722099_sleeve_length_type,INVALID
88_49729734_sleeve_length_type,INVALID
88_49713332_sleeve_length_type,Larga
88_49719913_sleeve_length_type,INVALID
88_49724263_sleeve_length_type,INVALID
88_49734840_sleeve_length_type,INVALID
88_49719892_sleeve_length_type,INVALID
88_49726518_sleeve_length_type,Tirante Fino
88_49728121_sleeve_length_type,INVALID
88_49728506_sleeve_length_type,INVALID
88_49714951_sleeve_length_type,Larga
88_49713089_sleeve_length_type,Larga
88_49720262_sleeve_length_type,INVALID
88_49734858_sleeve_length_type,Sin Manga
88_49731370_sleeve_length_type,INVALID
88_49725817_sleeve_length_type,Sin Manga
88_49741934_sleeve_length_type,INVALID
88_49725650_sleeve_length_type,Larga
88_49728655_sleeve_length_type,INVALID
88_49728108_sleeve_length_type,Corta
88_49714109_sleeve_length_type,INVALID
88_49710593_sleeve_length_type,Larga
88_49708510_sleeve_length_type,Sin Manga
88_49723612_sleeve_length_type,Larga
88_49723339_sleeve_length_type,INVALID
88_49714906_sleeve_length_type,Larga
88_49724902_sleeve_length_type,INVALID
88_49713952_sleeve_length_type,Larga
88_49723903_sleeve_length_type,Corta
88_49712851_sleeve_length_type,INVALID
88_49717271_sleeve_length_type,INVALID
88_49723607_sleeve_length_type,Larga
88_49711360_sleeve_length_type,Corta
88_49723255_sleeve_length_type,INVALID
88_49726165_sleeve_length_type,Larga
88_49718090_sleeve_length_type,Larga
88_49728156_sleeve_length_type,INVALID
88_49715773_sleeve_length_type,Larga
88_49725556_sleeve_length_type,INVALID
88_49712722_sleeve_length_type,Larga
88_49722701_sleeve_length_type,INVALID
88_49718810_sleeve_length_type,INVALID
88_49727793_sleeve_length_type,Larga
88_49714743_sleeve_length_type,Larga
88_49728710_sleeve_length_type,Corta
88_49734601_sleeve_length_type,INVALID
88_49710491_sleeve_length_type,Larga
88_49713948_sleeve_length_type,Larga
88_49730476_sleeve_length_type,Larga
88_49706238_sleeve_length_type,INVALID
88_49722240_sleeve_length_type,INVALID
88_49719337_sleeve_length_type,INVALID
88_49718205_sleeve_length_type,Larga
88_49726799_sleeve_length_type,INVALID
88_49710589_sleeve_length_type,Tirante Ancho
88_49727724_sleeve_length_type,INVALID
88_49713815_sleeve_length_type,INVALID
88_49729866_sleeve_length_type,Corta
88_49720548_sleeve_length_type,Sin Manga
88_49707520_sleeve_length_type,Larga
88_49707262_sleeve_length_type,Larga
88_49722733_sleeve_length_type,INVALID
88_49718635_sleeve_length_type,Larga
88_49722501_sleeve_length_type,INVALID
88_49725385_sleeve_length_type,Larga
88_49720326_sleeve_length_type,INVALID
88_49729516_sleeve_length_type,INVALID
88_49728172_sleeve_length_type,Larga
88_49727945_sleeve_length_type,Larga
88_49731722_sleeve_length_type,INVALID
88_49711176_sleeve_length_type,Larga
88_49728724_sleeve_length_type,Corta
88_49718145_sleeve_length_type,Larga
88_49727095_sleeve_length_type,Tirante Fino
88_49717861_sleeve_length_type,Larga
88_49734455_sleeve_length_type,INVALID
88_49722243_sleeve_length_type,Larga
88_49718644_sleeve_length_type,INVALID
88_49726645_sleeve_length_type,Tirante Fino
88_49731391_sleeve_length_type,INVALID
88_49726875_sleeve_length_type,Tirante Ancho
88_49722082_sleeve_length_type,Larga
88_49716493_sleeve_length_type,INVALID
88_49725382_sleeve_length_type,INVALID
88_49721974_sleeve_length_type,INVALID
88_49733486_sleeve_length_type,Sin Manga
88_49725234_sleeve_length_type,Corta
88_49712106_sleeve_length_type,INVALID
88_49711180_sleeve_length_type,Corta
88_49732391_sleeve_length_type,Corta
88_49706419_sleeve_length_type,Larga
88_49720291_sleeve_length_type,INVALID
88_49715342_sleeve_length_type,Sin Manga
88_49727550_sleeve_length_type,Sin Manga
88_49714686_sleeve_length_type,INVALID
88_49717014_sleeve_length_type,Larga
88_49714938_sleeve_length_type,Larga
88_49713377_sleeve_length_type,Larga
88_49718132_sleeve_length_type,INVALID
88_49716121_sleeve_length_type,Larga
88_49725557_sleeve_length_type,INVALID
88_49712200_sleeve_length_type,Larga
88_49730285_sleeve_length_type,Sin Manga
88_49714905_sleeve_length_type,Larga
88_49735326_sleeve_length_type,Larga
88_49717301_sleeve_length_type,INVALID
88_49723044_sleeve_length_type,Larga
88_49719801_sleeve_length_type,Corta
88_49714690_sleeve_length_type,INVALID
88_49733677_sleeve_length_type,Larga
88_49726806_sleeve_length_type,INVALID
88_49712977_sleeve_length_type,Larga
88_49727735_sleeve_length_type,INVALID
88_49732669_sleeve_length_type,Larga
88_49713402_sleeve_length_type,Larga
88_49715771_sleeve_length_type,Larga
88_49727742_sleeve_length_type,INVALID
88_49727050_sleeve_length_type,Corta
88_49728512_sleeve_length_type,Larga
88_49705286_sleeve_length_type,INVALID
88_49709855_sleeve_length_type,Larga
88_49727378_sleeve_length_type,INVALID
88_49717518_sleeve_length_type,Larga
88_49722450_sleeve_length_type,INVALID
88_49726146_sleeve_length_type,Larga
88_49719436_sleeve_length_type,Larga
88_49712823_sleeve_length_type,Larga
88_49731279_sleeve_length_type,Sin Manga
88_49708391_sleeve_length_type,INVALID
88_49734452_sleeve_length_type,INVALID
88_49717520_sleeve_length_type,Larga
88_49713808_sleeve_length_type,INVALID
88_49714685_sleeve_length_type,INVALID
88_49714150_sleeve_length_type,Larga
88_49710953_sleeve_length_type,Sin Manga
88_49709389_sleeve_length_type,Larga
88_49717844_sleeve_length_type,Sin Manga
88_49722715_sleeve_length_type,INVALID
88_49726101_sleeve_length_type,INVALID
88_49731365_sleeve_length_type,INVALID
88_49712714_sleeve_length_type,INVALID
88_49729856_sleeve_length_type,Larga
88_49718867_sleeve_length_type,INVALID
88_49734564_sleeve_length_type,Larga
88_49729942_sleeve_length_type,INVALID
88_49731297_sleeve_length_type,Larga
88_49727727_sleeve_length_type,INVALID
88_49719662_sleeve_length_type,INVALID
88_49715476_sleeve_length_type,Larga
88_49718126_sleeve_length_type,Larga
88_49725186_sleeve_length_type,Larga
88_49728670_sleeve_length_type,Larga
88_49713831_sleeve_length_type,Larga
88_49723170_sleeve_length_type,INVALID
88_49721693_sleeve_length_type,Larga
88_49727809_sleeve_length_type,INVALID
88_49712190_sleeve_length_type,Larga
88_49724943_sleeve_length_type,Larga
88_49725569_sleeve_length_type,Sin Manga
88_49710927_sleeve_length_type,Larga
88_49735314_sleeve_length_type,INVALID
88_49717903_sleeve_length_type,Larga
88_49727313_sleeve_length_type,INVALID
88_49720031_sleeve_length_type,INVALID
88_49723032_sleeve_length_type,INVALID
88_49714698_sleeve_length_type,Larga
88_49712233_sleeve_length_type,Corta
88_49720043_sleeve_length_type,INVALID
88_49718809_sleeve_length_type,INVALID
88_49714918_sleeve_length_type,Larga
88_49726170_sleeve_length_type,Larga
88_49724624_sleeve_length_type,INVALID
88_49730286_sleeve_length_type,Corta
88_49713615_sleeve_length_type,INVALID
88_49708052_sleeve_length_type,Larga
88_49723318_sleeve_length_type,INVALID
88_49727941_sleeve_length_type,Corta
88_49714720_sleeve_length_type,Larga
88_49715338_sleeve_length_type,Larga
88_49734159_sleeve_length_type,Corta
88_49727951_sleeve_length_type,INVALID
88_49733119_sleeve_length_type,INVALID
88_49722692_sleeve_length_type,Corta
88_49730302_sleeve_length_type,Tirante Ancho
88_49719359_sleeve_length_type,INVALID
88_49729947_sleeve_length_type,INVALID
88_49715047_sleeve_length_type,INVALID
88_49727625_sleeve_length_type,Larga
88_49722773_sleeve_length_type,Larga
88_49724072_sleeve_length_type,Larga
88_49721690_sleeve_length_type,Corta
88_49713356_sleeve_length_type,INVALID
88_49720330_sleeve_length_type,INVALID
88_49720722_sleeve_length_type,Sin Manga
88_49713339_sleeve_length_type,INVALID
88_49717951_sleeve_length_type,Larga
88_49728851_sleeve_length_type,Corta
88_49710906_sleeve_length_type,Larga
88_49712838_sleeve_length_type,Larga
88_49710243_sleeve_length_type,Larga
88_49726878_sleeve_length_type,Larga
88_49717724_sleeve_length_type,Larga
88_49717294_sleeve_length_type,INVALID
88_49729308_sleeve_length_type,INVALID
88_49715180_sleeve_length_type,Larga
88_49717850_sleeve_length_type,Larga
88_49711846_sleeve_length_type,Larga
88_49713912_sleeve_length_type,Larga
88_49707279_sleeve_length_type,INVALID
88_49708547_sleeve_length_type,Larga
88_49726816_sleeve_length_type,Corta
88_49712198_sleeve_length_type,Larga
88_49719154_sleeve_length_type,INVALID
88_49709807_sleeve_length_type,Corta
88_49720714_sleeve_length_type,Corta
88_49718457_sleeve_length_type,INVALID
88_49728915_sleeve_length_type,Larga
88_49734581_sleeve_length_type,INVALID
88_49731285_sleeve_length_type,INVALID
88_49722028_sleeve_length_type,Larga
88_49731394_sleeve_length_type,INVALID
88_49712750_sleeve_length_type,Larga
88_49731724_sleeve_length_type,Tirante Ancho
88_49719429_sleeve_length_type,Larga
88_49730234_sleeve_length_type,INVALID
88_49728497_sleeve_length_type,Sin Manga
88_49712550_sleeve_length_type,INVALID
88_49732345_sleeve_length_type,Corta
88_49721378_sleeve_length_type,Corta
88_49729900_sleeve_length_type,INVALID
88_49713018_sleeve_length_type,Larga
88_49721154_sleeve_length_type,Larga
88_49727767_sleeve_length_type,INVALID
88_49715192_sleeve_length_type,Larga
88_49740760_sleeve_length_type,Larga
88_49717418_sleeve_length_type,Larga
88_49734563_sleeve_length_type,Larga
88_49719386_sleeve_length_type,Larga
88_49721342_sleeve_length_type,INVALID
88_49729913_sleeve_length_type,Larga
88_49721452_sleeve_length_type,Larga
88_49717869_sleeve_length_type,Corta
88_49712825_sleeve_length_type,Larga
88_49713003_sleeve_length_type,Larga
88_49708383_sleeve_length_type,Larga
88_49719414_sleeve_length_type,INVALID
88_49716821_sleeve_length_type,Larga
88_49710490_sleeve_length_type,Larga
88_49719936_sleeve_length_type,Larga
88_49729320_sleeve_length_type,INVALID
88_49710221_sleeve_length_type,Larga
88_49722500_sleeve_length_type,Larga
88_49735315_sleeve_length_type,INVALID
88_49716634_sleeve_length_type,INVALID
88_49722466_sleeve_length_type,Larga
88_49728871_sleeve_length_type,INVALID
88_49733481_sleeve_length_type,INVALID
88_49717901_sleeve_length_type,INVALID
88_49712576_sleeve_length_type,Larga
88_49728917_sleeve_length_type,Tirante Ancho
88_49736181_sleeve_length_type,INVALID
88_49739288_sleeve_length_type,Sin Manga
88_49734862_sleeve_length_type,Sin Manga
88_49717562_sleeve_length_type,Larga
88_49718139_sleeve_length_type,Larga
88_49712186_sleeve_length_type,INVALID
88_49724669_sleeve_length_type,Corta
88_49713804_sleeve_length_type,Larga
88_49715906_sleeve_length_type,Larga
88_49718197_sleeve_length_type,Corta
88_49723706_sleeve_length_type,Corta
88_49719667_sleeve_length_type,Corta
88_49712572_sleeve_length_type,Larga
88_49726825_sleeve_length_type,Larga
88_49719986_sleeve_length_type,INVALID
88_49711066_sleeve_length_type,INVALID
88_49731323_sleeve_length_type,Larga
88_49729945_sleeve_length_type,INVALID
88_49721426_sleeve_length_type,INVALID
88_49710647_sleeve_length_type,Larga
88_49725174_sleeve_length_type,INVALID
88_49724961_sleeve_length_type,INVALID
88_49723034_sleeve_length_type,Larga
88_49730257_sleeve_length_type,Corta
88_49713071_sleeve_length_type,INVALID
88_49711140_sleeve_length_type,Sin Manga
88_49721746_sleeve_length_type,Corta
88_49715474_sleeve_length_type,INVALID
88_49708050_sleeve_length_type,Larga
88_49711339_sleeve_length_type,Corta
88_49728490_sleeve_length_type,INVALID
88_49728479_sleeve_length_type,INVALID
88_49717295_sleeve_length_type,INVALID
88_49734291_sleeve_length_type,Larga
88_49710192_sleeve_length_type,INVALID
88_49707248_sleeve_length_type,INVALID
88_49720738_sleeve_length_type,INVALID
88_49726184_sleeve_length_type,Corta
88_49720341_sleeve_length_type,Larga
88_49722751_sleeve_length_type,INVALID
88_49731288_sleeve_length_type,Larga
88_49721957_sleeve_length_type,INVALID
88_49728687_sleeve_length_type,Larga
88_49711156_sleeve_length_type,INVALID
88_49727548_sleeve_length_type,Tirante Ancho
88_49713055_sleeve_length_type,Sin Manga
88_49730990_sleeve_length_type,Larga
88_49731271_sleeve_length_type,Sin Manga
88_49727083_sleeve_length_type,INVALID
88_49724679_sleeve_length_type,INVALID
88_49715364_sleeve_length_type,INVALID
88_49736183_sleeve_length_type,INVALID
88_49718115_sleeve_length_type,INVALID
88_49718138_sleeve_length_type,Corta
88_49711015_sleeve_length_type,Larga
88_49722027_sleeve_length_type,Larga
88_49718648_sleeve_length_type,Larga
88_49727616_sleeve_length_type,INVALID
88_49720006_sleeve_length_type,INVALID
88_49726128_sleeve_length_type,INVALID
88_49713960_sleeve_length_type,INVALID
88_49720319_sleeve_length_type,INVALID
88_49726149_sleeve_length_type,Larga
88_49732355_sleeve_length_type,Corta
88_49727637_sleeve_length_type,Larga
88_49724612_sleeve_length_type,Larga
88_49710280_sleeve_length_type,INVALID
88_49719437_sleeve_length_type,INVALID
88_49735324_sleeve_length_type,Larga
88_49722504_sleeve_length_type,Larga
88_49708042_sleeve_length_type,INVALID
88_49720017_sleeve_length_type,Larga
88_49713385_sleeve_length_type,INVALID
88_49726517_sleeve_length_type,INVALID
88_49738265_sleeve_length_type,INVALID
88_49721114_sleeve_length_type,Larga
88_49708021_sleeve_length_type,INVALID
88_49711819_sleeve_length_type,Larga
88_49717293_sleeve_length_type,INVALID
88_49722706_sleeve_length_type,INVALID
88_49720564_sleeve_length_type,Larga
88_49712552_sleeve_length_type,INVALID
88_49714040_sleeve_length_type,Larga
88_49708338_sleeve_length_type,INVALID
88_49733683_sleeve_length_type,INVALID
88_49722637_sleeve_length_type,INVALID
88_49735786_sleeve_length_type,Larga
88_49706903_sleeve_length_type,INVALID
88_49717852_sleeve_length_type,Larga
88_49719696_sleeve_length_type,INVALID
88_49719891_sleeve_length_type,Larga
88_49719086_sleeve_length_type,Larga
88_49713041_sleeve_length_type,Larga
88_49729895_sleeve_length_type,INVALID
88_49717069_sleeve_length_type,Larga
88_49731873_sleeve_length_type,Corta
88_49731872_sleeve_length_type,INVALID
88_49728645_sleeve_length_type,Larga
88_49718999_sleeve_length_type,Larga
88_49731372_sleeve_length_type,Larga
88_49725403_sleeve_length_type,INVALID
88_49706781_sleeve_length_type,INVALID
88_49722974_sleeve_length_type,Corta
88_49720298_sleeve_length_type,Larga
88_49725627_sleeve_length_type,Larga
88_49728190_sleeve_length_type,Tirante Fino
88_49711373_sleeve_length_type,INVALID
88_49721686_sleeve_length_type,Larga
88_49729471_sleeve_length_type,Larga
88_49712721_sleeve_length_type,Larga
88_49723594_sleeve_length_type,INVALID
88_49719942_sleeve_length_type,INVALID
88_49713105_sleeve_length_type,INVALID
88_49720818_sleeve_length_type,Larga
88_49722030_sleeve_length_type,Corta
88_49711627_sleeve_length_type,Larga
88_49726106_sleeve_length_type,Corta
88_49712381_sleeve_length_type,Larga
88_49718851_sleeve_length_type,INVALID
88_49720318_sleeve_length_type,INVALID
88_49728128_sleeve_length_type,Larga
88_49708549_sleeve_length_type,Larga
88_49730318_sleeve_length_type,Corta
88_49726126_sleeve_length_type,Larga
88_49713012_sleeve_length_type,Larga
88_49718190_sleeve_length_type,Larga
88_49710902_sleeve_length_type,Corta
88_49709600_sleeve_length_type,Larga
88_49712216_sleeve_length_type,INVALID
88_49725418_sleeve_length_type,Sin Manga
88_49727718_sleeve_length_type,Larga
88_49710283_sleeve_length_type,INVALID
88_49718443_sleeve_length_type,Corta
88_49705919_sleeve_length_type,INVALID
88_49708334_sleeve_length_type,INVALID
88_49711834_sleeve_length_type,INVALID
88_49728520_sleeve_length_type,INVALID
88_49713328_sleeve_length_type,Larga
88_49727726_sleeve_length_type,INVALID
88_49717872_sleeve_length_type,INVALID
88_49714709_sleeve_length_type,INVALID
88_49714727_sleeve_length_type,Tirante Fino
88_49707225_sleeve_length_type,INVALID
88_49735303_sleeve_length_type,Larga
88_49734584_sleeve_length_type,Sin Manga
88_49728891_sleeve_length_type,Sin Manga
88_49722640_sleeve_length_type,INVALID
88_49730867_sleeve_length_type,Tirante Fino
88_49726120_sleeve_length_type,Larga
88_49721734_sleeve_length_type,Corta
88_49719666_sleeve_length_type,Larga
88_49740975_sleeve_length_type,Tirante Ancho
88_49727801_sleeve_length_type,Tirante Fino
88_49720781_sleeve_length_type,INVALID
88_49724136_sleeve_length_type,Larga
88_49719340_sleeve_length_type,INVALID
88_49727322_sleeve_length_type,INVALID
88_49727733_sleeve_length_type,Sin Manga
88_49727765_sleeve_length_type,Larga
88_49728123_sleeve_length_type,INVALID
88_49729776_sleeve_length_type,INVALID
88_49733135_sleeve_length_type,Corta
88_49715053_sleeve_length_type,Larga
88_49718830_sleeve_length_type,Corta
88_49728502_sleeve_length_type,INVALID
88_49719152_sleeve_length_type,Larga
88_49735133_sleeve_length_type,INVALID
88_49725603_sleeve_length_type,Larga
88_49727612_sleeve_length_type,INVALID
88_49715206_sleeve_length_type,Larga
88_49729325_sleeve_length_type,INVALID
88_49719121_sleeve_length_type,INVALID
88_49724955_sleeve_length_type,INVALID
88_49728868_sleeve_length_type,Larga
88_49732658_sleeve_length_type,INVALID
88_49709806_sleeve_length_type,Larga
88_49716839_sleeve_length_type,INVALID
88_49732348_sleeve_length_type,Tirante Fino
88_49727376_sleeve_length_type,INVALID
88_49723319_sleeve_length_type,INVALID
88_49716827_sleeve_length_type,INVALID
88_49710499_sleeve_length_type,Larga
88_49705922_sleeve_length_type,INVALID
88_49724216_sleeve_length_type,INVALID
88_49725245_sleeve_length_type,Larga
88_49730503_sleeve_length_type,Tirante Fino
88_49714118_sleeve_length_type,INVALID
88_49729757_sleeve_length_type,Corta
88_49735573_sleeve_length_type,Larga
88_49712708_sleeve_length_type,Larga
88_49718459_sleeve_length_type,Larga
88_49712104_sleeve_length_type,Larga
88_49719010_sleeve_length_type,Corta
88_49710584_sleeve_length_type,Larga
88_49732653_sleeve_length_type,Larga
88_49717969_sleeve_length_type,Larga
88_49737289_sleeve_length_type,INVALID
88_49717331_sleeve_length_type,INVALID
88_49735311_sleeve_length_type,Larga
88_49720741_sleeve_length_type,INVALID
88_49721710_sleeve_length_type,Larga
88_49728867_sleeve_length_type,Corta
88_49719899_sleeve_length_type,Larga
88_49722053_sleeve_length_type,Larga
88_49731838_sleeve_length_type,INVALID
88_49722961_sleeve_length_type,Larga
88_49729129_sleeve_length_type,Larga
88_49717287_sleeve_length_type,INVALID
88_49718976_sleeve_length_type,Larga
88_49720761_sleeve_length_type,Tirante Ancho
88_49724569_sleeve_length_type,INVALID
88_49722764_sleeve_length_type,Larga
88_49711228_sleeve_length_type,Corta
88_49712843_sleeve_length_type,INVALID
88_49719278_sleeve_length_type,Corta
88_49719427_sleeve_length_type,INVALID
88_49711131_sleeve_length_type,INVALID
88_49730269_sleeve_length_type,INVALID
88_49713606_sleeve_length_type,Corta
88_49714351_sleeve_length_type,Larga
88_49716765_sleeve_length_type,INVALID
88_49712616_sleeve_length_type,INVALID
88_49713945_sleeve_length_type,INVALID
88_49718625_sleeve_length_type,INVALID
88_49730877_sleeve_length_type,INVALID
88_49741935_sleeve_length_type,INVALID
88_49707258_sleeve_length_type,INVALID
88_49708361_sleeve_length_type,INVALID
88_49717530_sleeve_length_type,INVALID
88_49715146_sleeve_length_type,INVALID
88_49727304_sleeve_length_type,INVALID
88_49712588_sleeve_length_type,Larga
88_49726646_sleeve_length_type,Corta
88_49722056_sleeve_length_type,Larga
88_49734831_sleeve_length_type,INVALID
88_49708694_sleeve_length_type,INVALID
88_49718963_sleeve_length_type,Corta
88_49718192_sleeve_length_type,Larga
88_49718831_sleeve_length_type,Corta
88_49737419_sleeve_length_type,Larga
88_49713893_sleeve_length_type,Larga
88_49728856_sleeve_length_type,INVALID
88_49734838_sleeve_length_type,Sin Manga
88_49716120_sleeve_length_type,Tirante Ancho
88_49740278_sleeve_length_type,Larga
88_49734293_sleeve_length_type,INVALID
88_49723010_sleeve_length_type,Larga
88_49733963_sleeve_length_type,Larga
88_49713969_sleeve_length_type,Larga
88_49726814_sleeve_length_type,INVALID
88_49728681_sleeve_length_type,Corta
88_49710988_sleeve_length_type,INVALID
88_49731393_sleeve_length_type,INVALID
88_49724076_sleeve_length_type,Corta
88_49724106_sleeve_length_type,Corta
88_49731357_sleeve_length_type,Tirante Fino
88_49713353_sleeve_length_type,Larga
88_49716102_sleeve_length_type,INVALID
88_49732647_sleeve_length_type,INVALID
88_49735785_sleeve_length_type,INVALID
88_49717866_sleeve_length_type,INVALID
88_49714708_sleeve_length_type,Larga
88_49718827_sleeve_length_type,Corta
88_49719695_sleeve_length_type,Larga
88_49732109_sleeve_length_type,Larga
88_49708348_sleeve_length_type,Larga
88_49728719_sleeve_length_type,Corta
88_49729496_sleeve_length_type,Larga
88_49715631_sleeve_length_type,Larga
88_49712386_sleeve_length_type,Larga
88_49727789_sleeve_length_type,INVALID
88_49721124_sleeve_length_type,Larga
88_49718984_sleeve_length_type,Corta
88_49725417_sleeve_length_type,Corta
88_49714105_sleeve_length_type,Corta
88_49712202_sleeve_length_type,INVALID
88_49722239_sleeve_length_type,INVALID
88_49723139_sleeve_length_type,INVALID
88_49708303_sleeve_length_type,INVALID
88_49717974_sleeve_length_type,INVALID
88_49716352_sleeve_length_type,Tirante Fino
88_49723540_sleeve_length_type,INVALID
88_49721725_sleeve_length_type,Tirante Fino
88_49711056_sleeve_length_type,Corta
88_49713049_sleeve_length_type,Larga
88_49724622_sleeve_length_type,Larga
88_49719384_sleeve_length_type,INVALID
88_49720782_sleeve_length_type,INVALID
88_49715630_sleeve_length_type,Larga
88_49717305_sleeve_length_type,Larga
88_49720010_sleeve_length_type,Sin Manga
88_49731274_sleeve_length_type,Corta
88_49713026_sleeve_length_type,Larga
88_49715356_sleeve_length_type,Larga
88_49722742_sleeve_length_type,Corta
88_49707250_sleeve_length_type,INVALID
88_49708509_sleeve_length_type,Tirante Fino
88_49718973_sleeve_length_type,Corta
88_49718868_sleeve_length_type,Larga
88_49717958_sleeve_length_type,Larga
88_49723337_sleeve_length_type,Larga
88_49709836_sleeve_length_type,INVALID
88_49733123_sleeve_length_type,INVALID
88_49709597_sleeve_length_type,Larga
88_49711105_sleeve_length_type,Larga
88_49711123_sleeve_length_type,Corta
88_49721361_sleeve_length_type,INVALID
88_49710432_sleeve_length_type,INVALID
88_49732641_sleeve_length_type,INVALID
88_49713957_sleeve_length_type,Larga
88_49714741_sleeve_length_type,INVALID
88_49729511_sleeve_length_type,Larga
88_49727344_sleeve_length_type,Larga
88_49727348_sleeve_length_type,INVALID
88_49713832_sleeve_length_type,INVALID
88_49708047_sleeve_length_type,Larga
88_49731845_sleeve_length_type,INVALID
88_49715371_sleeve_length_type,Larga
88_49717991_sleeve_length_type,INVALID
88_49710989_sleeve_length_type,Corta
88_49718448_sleeve_length_type,Corta
88_49726821_sleeve_length_type,INVALID
88_49717977_sleeve_length_type,Larga
88_49727103_sleeve_length_type,Corta
88_49706236_sleeve_length_type,INVALID
88_49731277_sleeve_length_type,Larga
88_49728138_sleeve_length_type,INVALID
88_49720272_sleeve_length_type,Larga
88_49731720_sleeve_length_type,Tirante Fino
88_49722250_sleeve_length_type,Larga
88_49718646_sleeve_length_type,Corta
88_49710223_sleeve_length_type,INVALID
88_49710944_sleeve_length_type,Larga
88_49711835_sleeve_length_type,INVALID
88_49734137_sleeve_length_type,INVALID
88_49713348_sleeve_length_type,Larga
88_49726809_sleeve_length_type,INVALID
88_49719392_sleeve_length_type,Larga
88_49717303_sleeve_length_type,INVALID
88_49708368_sleeve_length_type,Larga
88_49731867_sleeve_length_type,Corta
88_49728881_sleeve_length_type,Larga
88_49712065_sleeve_length_type,INVALID
88_49710940_sleeve_length_type,Larga
88_49710911_sleeve_length_type,INVALID
88_49719265_sleeve_length_type,INVALID
88_49733460_sleeve_length_type,Larga
88_49726117_sleeve_length_type,INVALID
88_49711220_sleeve_length_type,Sin Manga
88_49717056_sleeve_length_type,Larga
88_49715653_sleeve_length_type,Larga
88_49720336_sleeve_length_type,INVALID
88_49718174_sleeve_length_type,Larga
88_49717044_sleeve_length_type,INVALID
88_49729724_sleeve_length_type,Sin Manga
88_49728625_sleeve_length_type,Sin Manga
88_49723257_sleeve_length_type,INVALID
88_49712596_sleeve_length_type,INVALID
88_49736542_sleeve_length_type,INVALID
88_49713359_sleeve_length_type,INVALID
88_49734468_sleeve_length_type,Larga
88_49711239_sleeve_length_type,Larga
88_49717279_sleeve_length_type,Tirante Fino
88_49714678_sleeve_length_type,Larga
88_49710292_sleeve_length_type,INVALID
88_49714926_sleeve_length_type,INVALID
88_49711046_sleeve_length_type,Corta
88_49717751_sleeve_length_type,Corta
88_49708301_sleeve_length_type,INVALID
88_49720723_sleeve_length_type,Larga
88_49719810_sleeve_length_type,Corta
88_49712405_sleeve_length_type,Larga
88_49725399_sleeve_length_type,INVALID
88_49729517_sleeve_length_type,INVALID
88_49728896_sleeve_length_type,INVALID
88_49715306_sleeve_length_type,INVALID
88_49713099_sleeve_length_type,Larga
88_49728900_sleeve_length_type,INVALID
88_49720060_sleeve_length_type,INVALID
88_49715633_sleeve_length_type,Larga
88_49708379_sleeve_length_type,Larga
88_49723564_sleeve_length_type,INVALID
88_49713784_sleeve_length_type,INVALID
88_49719958_sleeve_length_type,INVALID
88_49724245_sleeve_length_type,INVALID
88_49705918_sleeve_length_type,INVALID
88_49713579_sleeve_length_type,INVALID
88_49719867_sleeve_length_type,Larga
88_49706235_sleeve_length_type,Larga
88_49708360_sleeve_length_type,INVALID
88_49710442_sleeve_length_type,INVALID
88_49723308_sleeve_length_type,INVALID
88_49734827_sleeve_length_type,Larga
88_49719630_sleeve_length_type,Larga
88_49725233_sleeve_length_type,INVALID
88_49717290_sleeve_length_type,INVALID
88_49730491_sleeve_length_type,Corta
88_49730282_sleeve_length_type,Sin Manga
88_49715307_sleeve_length_type,INVALID
88_49733132_sleeve_length_type,Larga
88_49715154_sleeve_length_type,INVALID
88_49713913_sleeve_length_type,Larga
88_49717051_sleeve_length_type,Tirante Fino
88_49710923_sleeve_length_type,Larga
88_49722595_sleeve_length_type,Corta
88_49719852_sleeve_length_type,INVALID
88_49723711_sleeve_length_type,INVALID
88_49723046_sleeve_length_type,Larga
88_49712709_sleeve_length_type,INVALID
88_49713797_sleeve_length_type,INVALID
88_49733674_sleeve_length_type,INVALID
88_49714032_sleeve_length_type,Corta
88_49734131_sleeve_length_type,Corta
88_49730254_sleeve_length_type,Larga
88_49719885_sleeve_length_type,Larga
88_49732667_sleeve_length_type,Sin Manga
88_49733136_sleeve_length_type,Corta
88_49719325_sleeve_length_type,Larga
88_49731410_sleeve_length_type,INVALID
88_49717564_sleeve_length_type,Larga
88_49719115_sleeve_length_type,Corta
88_49707524_sleeve_length_type,Larga
88_49708678_sleeve_length_type,INVALID
88_49714084_sleeve_length_type,Larga
88_49726485_sleeve_length_type,Larga
88_49710994_sleeve_length_type,Larga
88_49717976_sleeve_length_type,Corta
88_49711840_sleeve_length_type,Larga
88_49712231_sleeve_length_type,Larga
88_49726488_sleeve_length_type,Sin Manga
88_49721151_sleeve_length_type,INVALID
88_49723338_sleeve_length_type,INVALID
88_49717065_sleeve_length_type,INVALID
88_49713940_sleeve_length_type,Larga
88_49713068_sleeve_length_type,INVALID
88_49715328_sleeve_length_type,Sin Manga
88_49719859_sleeve_length_type,Corta
88_49715507_sleeve_length_type,Larga
88_49736190_sleeve_length_type,INVALID
88_49729862_sleeve_length_type,Corta
88_49723355_sleeve_length_type,INVALID
88_49716508_sleeve_length_type,Corta
88_49728699_sleeve_length_type,Larga
88_49717508_sleeve_length_type,INVALID
88_49717521_sleeve_length_type,Larga
88_49707261_sleeve_length_type,Larga
88_49709575_sleeve_length_type,Corta
88_49707274_sleeve_length_type,Larga
88_49722095_sleeve_length_type,Sin Manga
88_49712580_sleeve_length_type,Larga
88_49728112_sleeve_length_type,Corta
88_49719668_sleeve_length_type,Larga
88_49714929_sleeve_length_type,Larga
88_49732370_sleeve_length_type,INVALID
88_49719814_sleeve_length_type,Larga
88_49706430_sleeve_length_type,INVALID
88_49715892_sleeve_length_type,Larga
88_49713777_sleeve_length_type,Larga
88_49720307_sleeve_length_type,INVALID
88_49731019_sleeve_length_type,Larga
88_49713935_sleeve_length_type,Larga
88_49706904_sleeve_length_type,Larga
88_49709592_sleeve_length_type,Corta
88_49723173_sleeve_length_type,INVALID
88_49719613_sleeve_length_type,Larga
88_49727321_sleeve_length_type,Larga
88_49715038_sleeve_length_type,Larga
88_49715903_sleeve_length_type,INVALID
88_49731823_sleeve_length_type,Larga
88_49730477_sleeve_length_type,Larga
88_49719943_sleeve_length_type,INVALID
88_49716269_sleeve_length_type,Larga
88_49729911_sleeve_length_type,INVALID
88_49726773_sleeve_length_type,Sin Manga
88_49715522_sleeve_length_type,Larga
88_49715331_sleeve_length_type,INVALID
88_49731267_sleeve_length_type,Larga
88_49706420_sleeve_length_type,Larga
88_49714016_sleeve_length_type,Larga
88_49711026_sleeve_length_type,INVALID
88_49737950_sleeve_length_type,INVALID
88_49717050_sleeve_length_type,INVALID
88_49715051_sleeve_length_type,INVALID
88_49714132_sleeve_length_type,INVALID
88_49710487_sleeve_length_type,INVALID
88_49717980_sleeve_length_type,INVALID
88_49728665_sleeve_length_type,Corta
88_49720923_sleeve_length_type,Larga
88_49710224_sleeve_length_type,INVALID
88_49727715_sleeve_length_type,INVALID
88_49714010_sleeve_length_type,INVALID
88_49731713_sleeve_length_type,Larga
88_49715131_sleeve_length_type,Corta
88_49716118_sleeve_length_type,Larga
88_49729335_sleeve_length_type,Larga
88_49725785_sleeve_length_type,Larga
88_49709571_sleeve_length_type,Larga
88_49729770_sleeve_length_type,INVALID
88_49718828_sleeve_length_type,Larga
88_49713106_sleeve_length_type,INVALID
88_49708684_sleeve_length_type,INVALID
88_49729153_sleeve_length_type,INVALID
88_49728444_sleeve_length_type,Sin Manga
88_49705112_sleeve_length_type,Larga
88_49732644_sleeve_length_type,INVALID
88_49729864_sleeve_length_type,Corta
88_49708324_sleeve_length_type,Larga
88_49732655_sleeve_length_type,Larga
88_49719001_sleeve_length_type,Larga
88_49731371_sleeve_length_type,Larga
88_49713101_sleeve_length_type,INVALID
88_49731432_sleeve_length_type,Corta
88_49733672_sleeve_length_type,INVALID
88_49711169_sleeve_length_type,Corta
88_49715321_sleeve_length_type,INVALID
88_49712248_sleeve_length_type,INVALID
88_49717902_sleeve_length_type,INVALID
88_49718604_sleeve_length_type,INVALID
88_49733647_sleeve_length_type,Corta
88_49727543_sleeve_length_type,Larga
88_49721113_sleeve_length_type,INVALID
88_49719625_sleeve_length_type,Corta
88_49711127_sleeve_length_type,Larga
88_49708311_sleeve_length_type,INVALID
88_49720760_sleeve_length_type,INVALID
88_49727959_sleeve_length_type,Larga
88_49714712_sleeve_length_type,INVALID
88_49729304_sleeve_length_type,Larga
88_49718173_sleeve_length_type,INVALID
88_49708393_sleeve_length_type,INVALID
88_49719012_sleeve_length_type,Larga
88_49719960_sleeve_length_type,Larga
88_49708054_sleeve_length_type,Larga
88_49715919_sleeve_length_type,INVALID
88_49727290_sleeve_length_type,Larga
88_49734294_sleeve_length_type,INVALID
88_49734561_sleeve_length_type,Larga
88_49724905_sleeve_length_type,INVALID
88_49706231_sleeve_length_type,INVALID
88_49740276_sleeve_length_type,Larga
88_49724606_sleeve_length_type,Larga
88_49714897_sleeve_length_type,Larga
88_49713411_sleeve_length_type,Corta
88_49730466_sleeve_length_type,Sin Manga
88_49727760_sleeve_length_type,Larga
88_49729527_sleeve_length_type,Larga
88_49719019_sleeve_length_type,Larga
88_49717739_sleeve_length_type,INVALID
88_49712716_sleeve_length_type,Larga
88_49718144_sleeve_length_type,Larga
88_49719334_sleeve_length_type,INVALID
88_49714936_sleeve_length_type,Larga
88_49724924_sleeve_length_type,Larga
88_49731819_sleeve_length_type,Tirante Ancho
88_49727780_sleeve_length_type,Sin Manga
88_49717422_sleeve_length_type,Larga
88_49723282_sleeve_length_type,INVALID
88_49731268_sleeve_length_type,Tirante Ancho
88_49707282_sleeve_length_type,INVALID
88_49718839_sleeve_length_type,Larga
88_49709375_sleeve_length_type,INVALID
88_49708519_sleeve_length_type,Larga
88_49721953_sleeve_length_type,Larga
88_49720303_sleeve_length_type,Larga
88_49719900_sleeve_length_type,Larga
88_49713891_sleeve_length_type,INVALID
88_49719139_sleeve_length_type,Corta
88_49725191_sleeve_length_type,Larga
88_49710966_sleeve_length_type,Larga
88_49731280_sleeve_length_type,Tirante Ancho
88_49720265_sleeve_length_type,INVALID
88_49713366_sleeve_length_type,Corta
88_49719811_sleeve_length_type,Larga
88_49723886_sleeve_length_type,Tirante Fino
88_49718469_sleeve_length_type,Larga
88_49726837_sleeve_length_type,Tirante Fino
88_49712577_sleeve_length_type,Larga
88_49729508_sleeve_length_type,INVALID
88_49712834_sleeve_length_type,Larga
88_49718624_sleeve_length_type,Larga
88_49717878_sleeve_length_type,INVALID
88_49729525_sleeve_length_type,INVALID
88_49712207_sleeve_length_type,INVALID
88_49726841_sleeve_length_type,INVALID
88_49711155_sleeve_length_type,Larga
88_49712573_sleeve_length_type,Larga
88_49725809_sleeve_length_type,INVALID
88_49718972_sleeve_length_type,Corta
88_49713417_sleeve_length_type,INVALID
88_49737417_sleeve_length_type,INVALID
88_49714368_sleeve_length_type,Larga
88_49722630_sleeve_length_type,Corta
88_49736548_sleeve_length_type,INVALID
88_49722211_sleeve_length_type,INVALID
88_49720779_sleeve_length_type,INVALID
88_49713887_sleeve_length_type,Corta
88_49717738_sleeve_length_type,Sin Manga
88_49727300_sleeve_length_type,INVALID
88_49714128_sleeve_length_type,INVALID
88_49709596_sleeve_length_type,INVALID
88_49733461_sleeve_length_type,INVALID
88_49731331_sleeve_length_type,INVALID
88_49719280_sleeve_length_type,Larga
88_49724899_sleeve_length_type,Larga
88_49717956_sleeve_length_type,INVALID
88_49714935_sleeve_length_type,INVALID
88_49715891_sleeve_length_type,Larga
88_49722434_sleeve_length_type,Larga
88_49713095_sleeve_length_type,INVALID
88_49719895_sleeve_length_type,INVALID
88_49727614_sleeve_length_type,Larga
88_49715133_sleeve_length_type,Corta
88_49726495_sleeve_length_type,Sin Manga
88_49714365_sleeve_length_type,INVALID
88_49729953_sleeve_length_type,INVALID
88_49734586_sleeve_length_type,Tirante Fino
88_49725598_sleeve_length_type,INVALID
88_49731412_sleeve_length_type,INVALID
88_49717987_sleeve_length_type,Corta
88_49708377_sleeve_length_type,Larga
88_49712384_sleeve_length_type,Larga
88_49733657_sleeve_length_type,Corta
88_49711035_sleeve_length_type,Larga
88_49718812_sleeve_length_type,Sin Manga
88_49713761_sleeve_length_type,Larga
88_49719643_sleeve_length_type,Larga
88_49710920_sleeve_length_type,Larga
88_49718195_sleeve_length_type,Larga
88_49722647_sleeve_length_type,Corta
88_49708371_sleeve_length_type,Larga
88_49723253_sleeve_length_type,INVALID
88_49713033_sleeve_length_type,Larga
88_49718184_sleeve_length_type,Corta
88_49727536_sleeve_length_type,INVALID
88_49715899_sleeve_length_type,INVALID
88_49712847_sleeve_length_type,Larga
88_49714961_sleeve_length_type,Larga
88_49709850_sleeve_length_type,INVALID
88_49725380_sleeve_length_type,Larga
88_49724930_sleeve_length_type,Larga
88_49727921_sleeve_length_type,Larga
88_49711823_sleeve_length_type,Larga
88_49724184_sleeve_length_type,INVALID
88_49712586_sleeve_length_type,INVALID
88_49710907_sleeve_length_type,Larga
88_49710457_sleeve_length_type,INVALID
88_49711041_sleeve_length_type,INVALID
88_49711630_sleeve_length_type,Sin Manga
88_49730869_sleeve_length_type,Larga
88_49710982_sleeve_length_type,Larga
88_49712748_sleeve_length_type,Larga
88_49718097_sleeve_length_type,Larga
88_49719819_sleeve_length_type,Larga
88_49718454_sleeve_length_type,Sin Manga
88_49729881_sleeve_length_type,Corta
88_49724660_sleeve_length_type,Tirante Ancho
88_49712185_sleeve_length_type,INVALID
88_49713416_sleeve_length_type,Larga
88_49714089_sleeve_length_type,Corta
88_49717845_sleeve_length_type,INVALID
88_49729874_sleeve_length_type,Larga
88_49711050_sleeve_length_type,Corta
88_49719923_sleeve_length_type,INVALID
88_49716397_sleeve_length_type,Larga
88_49715195_sleeve_length_type,Larga
88_49719868_sleeve_length_type,Larga
88_49708031_sleeve_length_type,Larga
88_49730991_sleeve_length_type,Sin Manga
88_49718099_sleeve_length_type,Larga
88_49722747_sleeve_length_type,INVALID
88_49722465_sleeve_length_type,Larga
88_49727755_sleeve_length_type,INVALID
88_49713342_sleeve_length_type,Larga
88_49727751_sleeve_length_type,Larga
88_49728514_sleeve_length_type,Sin Manga
88_49708045_sleeve_length_type,Larga
88_49717855_sleeve_length_type,Larga
88_49713758_sleeve_length_type,Larga
88_49724913_sleeve_length_type,Sin Manga
88_49727741_sleeve_length_type,Corta
88_49719984_sleeve_length_type,INVALID
88_49723277_sleeve_length_type,INVALID
88_49707237_sleeve_length_type,INVALID
88_49727334_sleeve_length_type,INVALID
88_49726512_sleeve_length_type,Larga
88_49712826_sleeve_length_type,Larga
88_49732131_sleeve_length_type,Corta
88_49719907_sleeve_length_type,INVALID
88_49720338_sleeve_length_type,INVALID
88_49714073_sleeve_length_type,INVALID
88_49708370_sleeve_length_type,Larga
88_49726506_sleeve_length_type,INVALID
88_49713047_sleeve_length_type,Larga
88_49731826_sleeve_length_type,Larga
88_49719254_sleeve_length_type,Larga
88_49719806_sleeve_length_type,Larga
88_49709598_sleeve_length_type,Larga
88_49723247_sleeve_length_type,Larga
88_49730999_sleeve_length_type,INVALID
88_49731328_sleeve_length_type,Tirante Ancho
88_49722612_sleeve_length_type,Corta
88_49714012_sleeve_length_type,Larga
88_49726104_sleeve_length_type,Larga
88_49719959_sleeve_length_type,INVALID
88_49729771_sleeve_length_type,INVALID
88_49729918_sleeve_length_type,INVALID
88_49724176_sleeve_length_type,INVALID
88_49719999_sleeve_length_type,Larga
88_49735322_sleeve_length_type,INVALID
88_49724190_sleeve_length_type,Corta
88_49719421_sleeve_length_type,Larga
88_49729880_sleeve_length_type,Corta
88_49724191_sleeve_length_type,INVALID
88_49726111_sleeve_length_type,INVALID
88_49716630_sleeve_length_type,INVALID
88_49717054_sleeve_length_type,INVALID
88_49718158_sleeve_length_type,Larga
88_49707226_sleeve_length_type,INVALID
88_49717571_sleeve_length_type,INVALID
88_49725196_sleeve_length_type,Larga
88_49721448_sleeve_length_type,INVALID
88_49720305_sleeve_length_type,INVALID
88_49708558_sleeve_length_type,Larga
88_49727806_sleeve_length_type,Sin Manga
88_49720929_sleeve_length_type,Larga
88_49723261_sleeve_length_type,INVALID
88_49709565_sleeve_length_type,Larga
88_49724591_sleeve_length_type,INVALID
88_49729731_sleeve_length_type,INVALID
88_49723611_sleeve_length_type,INVALID
88_49730303_sleeve_length_type,Larga
88_49728677_sleeve_length_type,INVALID
88_49733669_sleeve_length_type,Larga
88_49712389_sleeve_length_type,Larga
88_49710236_sleeve_length_type,INVALID
88_49728168_sleeve_length_type,Corta
88_49715778_sleeve_length_type,Larga
88_49728686_sleeve_length_type,INVALID
88_49712712_sleeve_length_type,INVALID
88_49726129_sleeve_length_type,Corta
88_49732395_sleeve_length_type,INVALID
88_49714371_sleeve_length_type,Larga
88_49712744_sleeve_length_type,INVALID
88_49710935_sleeve_length_type,Larga
88_49708387_sleeve_length_type,Larga
88_49729162_sleeve_length_type,Larga
88_49712872_sleeve_length_type,INVALID
88_49732389_sleeve_length_type,Larga
88_49722636_sleeve_length_type,INVALID
88_49715167_sleeve_length_type,Larga
88_49716255_sleeve_length_type,INVALID
88_49729160_sleeve_length_type,INVALID
88_49716771_sleeve_length_type,Larga
88_49724898_sleeve_length_type,Larga
88_49732393_sleeve_length_type,Larga
88_49720040_sleeve_length_type,Larga
88_49725639_sleeve_length_type,INVALID
88_49721706_sleeve_length_type,Larga
88_49714928_sleeve_length_type,INVALID
88_49723341_sleeve_length_type,INVALID
88_49729737_sleeve_length_type,INVALID
88_49714045_sleeve_length_type,Corta
88_49727774_sleeve_length_type,INVALID
88_49718111_sleeve_length_type,Larga
88_49724644_sleeve_length_type,Larga
88_49719314_sleeve_length_type,INVALID
88_49711380_sleeve_length_type,Larga
88_49735323_sleeve_length_type,Larga
88_49724164_sleeve_length_type,INVALID
88_49712191_sleeve_length_type,Larga
88_49712390_sleeve_length_type,Larga
88_49722966_sleeve_length_type,Corta
88_49716109_sleeve_length_type,INVALID
88_49721440_sleeve_length_type,Larga
88_49725374_sleeve_length_type,Larga
88_49710573_sleeve_length_type,Corta
88_49738261_sleeve_length_type,Tirante Fino
88_49727368_sleeve_length_type,INVALID
88_49728880_sleeve_length_type,Larga
88_49720315_sleeve_length_type,Tirante Fino
88_49707243_sleeve_length_type,INVALID
88_49722509_sleeve_length_type,Corta
88_49719849_sleeve_length_type,Larga
88_49726156_sleeve_length_type,Larga
88_49728183_sleeve_length_type,INVALID
88_49724663_sleeve_length_type,INVALID
88_49711351_sleeve_length_type,INVALID
88_49718147_sleeve_length_type,Larga
88_49723055_sleeve_length_type,INVALID
88_49729131_sleeve_length_type,Sin Manga
88_49722035_sleeve_length_type,INVALID
88_49712746_sleeve_length_type,Tirante Fino
88_49710900_sleeve_length_type,Sin Manga
88_49711012_sleeve_length_type,Larga
88_49740976_sleeve_length_type,Larga
88_49706784_sleeve_length_type,Larga
88_49729933_sleeve_length_type,INVALID
88_49724619_sleeve_length_type,INVALID
88_49705106_sleeve_length_type,INVALID
88_49725778_sleeve_length_type,Larga
88_49710965_sleeve_length_type,Tres Cuartos
88_49713092_sleeve_length_type,Larga
88_49722685_sleeve_length_type,Corta
88_49718626_sleeve_length_type,INVALID
88_49730495_sleeve_length_type,Corta
88_49724131_sleeve_length_type,Larga
88_49709714_sleeve_length_type,Tirante Ancho
88_49708300_sleeve_length_type,INVALID
88_49710458_sleeve_length_type,INVALID
88_49718845_sleeve_length_type,INVALID
88_49723254_sleeve_length_type,INVALID
88_49715770_sleeve_length_type,Larga
88_49711095_sleeve_length_type,Corta
88_49739499_sleeve_length_type,Sin Manga
88_49719263_sleeve_length_type,INVALID
88_49725641_sleeve_length_type,Larga
88_49715901_sleeve_length_type,INVALID
88_49711057_sleeve_length_type,Corta
88_49722208_sleeve_length_type,INVALID
88_49719676_sleeve_length_type,Larga
88_49731351_sleeve_length_type,INVALID
88_49717893_sleeve_length_type,Larga
88_49726832_sleeve_length_type,Larga
88_49709809_sleeve_length_type,INVALID
88_49733671_sleeve_length_type,INVALID
88_49728682_sleeve_length_type,Corta
88_49713032_sleeve_length_type,Larga
88_49719694_sleeve_length_type,INVALID
88_49710903_sleeve_length_type,Corta
88_49714361_sleeve_length_type,INVALID
88_49706791_sleeve_length_type,INVALID
88_49708526_sleeve_length_type,INVALID
88_49732280_sleeve_length_type,Corta
88_49724923_sleeve_length_type,Corta
88_49722744_sleeve_length_type,INVALID
88_49741194_sleeve_length_type,INVALID
88_49723239_sleeve_length_type,Larga
88_49731712_sleeve_length_type,Larga
88_49706243_sleeve_length_type,Larga
88_49715153_sleeve_length_type,Corta
88_49707294_sleeve_length_type,Larga
88_49731329_sleeve_length_type,INVALID
88_49720702_sleeve_length_type,INVALID
88_49742563_sleeve_length_type,Sin Manga
88_49711182_sleeve_length_type,Larga
88_49709423_sleeve_length_type,Larga
88_49708030_sleeve_length_type,Larga
88_49722989_sleeve_length_type,Larga
88_49711072_sleeve_length_type,Larga
88_49712050_sleeve_length_type,INVALID
88_49711203_sleeve_length_type,Larga
88_49714958_sleeve_length_type,INVALID
88_49734559_sleeve_length_type,INVALID
88_49723856_sleeve_length_type,Sin Manga
88_49733148_sleeve_length_type,Larga
88_49729721_sleeve_length_type,Corta
88_49707235_sleeve_length_type,INVALID
88_49724574_sleeve_length_type,Sin Manga
88_49731005_sleeve_length_type,INVALID
88_49711234_sleeve_length_type,Corta
88_49718101_sleeve_length_type,INVALID
88_49720847_sleeve_length_type,INVALID
88_49712592_sleeve_length_type,Larga
88_49706780_sleeve_length_type,INVALID
88_49730267_sleeve_length_type,INVALID
88_49732672_sleeve_length_type,INVALID
88_49716818_sleeve_length_type,INVALID
88_49734463_sleeve_length_type,Corta
88_49724921_sleeve_length_type,Larga
88_49717950_sleeve_length_type,INVALID
88_49713330_sleeve_length_type,Larga
88_49717900_sleeve_length_type,INVALID
88_49729531_sleeve_length_type,Tirante Fino
88_49724155_sleeve_length_type,INVALID
88_49727549_sleeve_length_type,INVALID
88_49713435_sleeve_length_type,Larga
88_49711049_sleeve_length_type,Corta
88_49727081_sleeve_length_type,Larga
88_49717706_sleeve_length_type,INVALID
88_49727602_sleeve_length_type,Tirante Fino
88_49728194_sleeve_length_type,INVALID
88_49731419_sleeve_length_type,INVALID
88_49715895_sleeve_length_type,INVALID
88_49713947_sleeve_length_type,Larga
88_49732398_sleeve_length_type,Corta
88_49712839_sleeve_length_type,Larga
88_49715359_sleeve_length_type,Larga
88_49723259_sleeve_length_type,Larga
88_49717423_sleeve_length_type,INVALID
88_49722026_sleeve_length_type,INVALID
88_49724244_sleeve_length_type,INVALID
88_49719342_sleeve_length_type,INVALID
88_49709831_sleeve_length_type,INVALID
88_49727301_sleeve_length_type,Larga
88_49714948_sleeve_length_type,Larga
88_49729885_sleeve_length_type,Larga
88_49727626_sleeve_length_type,INVALID
88_49717517_sleeve_length_type,INVALID
88_49718455_sleeve_length_type,INVALID
88_49724257_sleeve_length_type,Sin Manga
88_49709847_sleeve_length_type,Corta
88_49727764_sleeve_length_type,INVALID
88_49725794_sleeve_length_type,INVALID
88_49710918_sleeve_length_type,Larga
88_49714921_sleeve_length_type,INVALID
88_49713375_sleeve_length_type,INVALID
88_49712817_sleeve_length_type,Larga
88_49710249_sleeve_length_type,Larga
88_49719973_sleeve_length_type,Larga
88_49720838_sleeve_length_type,INVALID
88_49717756_sleeve_length_type,INVALID
88_49722771_sleeve_length_type,INVALID
88_49715628_sleeve_length_type,Larga
88_49717978_sleeve_length_type,INVALID
88_49726631_sleeve_length_type,Larga
88_49727311_sleeve_length_type,Larga
88_49713024_sleeve_length_type,INVALID
88_49706229_sleeve_length_type,Larga
88_49723839_sleeve_length_type,INVALID
88_49722653_sleeve_length_type,Larga
88_49722766_sleeve_length_type,INVALID
88_49713038_sleeve_length_type,Larga
88_49727615_sleeve_length_type,Larga
88_49712096_sleeve_length_type,INVALID
88_49722635_sleeve_length_type,Corta
88_49710547_sleeve_length_type,INVALID
88_49728859_sleeve_length_type,Corta
88_49721137_sleeve_length_type,INVALID
88_49715925_sleeve_length_type,INVALID
88_49731415_sleeve_length_type,Sin Manga
88_49732113_sleeve_length_type,Corta
88_49724256_sleeve_length_type,INVALID
88_49725173_sleeve_length_type,Sin Manga
88_49708354_sleeve_length_type,INVALID
88_49715636_sleeve_length_type,Larga
88_49728494_sleeve_length_type,INVALID
88_49728725_sleeve_length_type,INVALID
88_49727087_sleeve_length_type,INVALID
88_49711128_sleeve_length_type,Larga
88_49713937_sleeve_length_type,INVALID
88_49729322_sleeve_length_type,INVALID
88_49720819_sleeve_length_type,INVALID
88_49710269_sleeve_length_type,Larga
88_49728467_sleeve_length_type,Corta
88_49721359_sleeve_length_type,Larga
88_49726153_sleeve_length_type,Larga
88_49711013_sleeve_length_type,Larga
88_49715043_sleeve_length_type,Tirante Ancho
88_49719252_sleeve_length_type,INVALID
88_49726819_sleeve_length_type,INVALID
88_49727634_sleeve_length_type,INVALID
88_49712401_sleeve_length_type,INVALID
88_49727923_sleeve_length_type,INVALID
88_49721960_sleeve_length_type,INVALID
88_49728884_sleeve_length_type,INVALID
88_49713612_sleeve_length_type,INVALID
88_49717273_sleeve_length_type,INVALID
88_49716105_sleeve_length_type,INVALID
88_49710937_sleeve_length_type,Larga
88_49720707_sleeve_length_type,Larga
88_49716398_sleeve_length_type,Larga
88_49735574_sleeve_length_type,INVALID
88_49731340_sleeve_length_type,INVALID
88_49714090_sleeve_length_type,Larga
88_49717039_sleeve_length_type,INVALID
88_49708550_sleeve_length_type,Larga
88_49722971_sleeve_length_type,Larga
88_49735132_sleeve_length_type,Larga
88_49713818_sleeve_length_type,INVALID
88_49719258_sleeve_length_type,Larga
88_49712737_sleeve_length_type,INVALID
88_49725823_sleeve_length_type,Larga
88_49728176_sleeve_length_type,INVALID
88_49729946_sleeve_length_type,INVALID
88_49716817_sleeve_length_type,INVALID
88_49730882_sleeve_length_type,INVALID
88_49709457_sleeve_length_type,INVALID
88_49713924_sleeve_length_type,Larga
88_49729764_sleeve_length_type,INVALID
88_49714355_sleeve_length_type,Larga
88_49721766_sleeve_length_type,Larga
88_49738273_sleeve_length_type,Tirante Fino
88_49730473_sleeve_length_type,Corta
88_49721409_sleeve_length_type,INVALID
88_49723891_sleeve_length_type,INVALID
88_49727799_sleeve_length_type,Larga
88_49717035_sleeve_length_type,Corta
88_49732664_sleeve_length_type,INVALID
88_49730319_sleeve_length_type,Larga
88_49719665_sleeve_length_type,Corta
88_49722777_sleeve_length_type,Corta
88_49729493_sleeve_length_type,INVALID
88_49711639_sleeve_length_type,Sin Manga
88_49713763_sleeve_length_type,Corta
88_49713098_sleeve_length_type,Larga
88_49728180_sleeve_length_type,Larga
88_49714915_sleeve_length_type,Larga
88_49723289_sleeve_length_type,Corta
88_49711166_sleeve_length_type,INVALID
88_49722452_sleeve_length_type,INVALID
88_49735139_sleeve_length_type,INVALID
88_49721718_sleeve_length_type,Corta
88_49707518_sleeve_length_type,Larga
88_49728692_sleeve_length_type,Larga
88_49708359_sleeve_length_type,INVALID
88_49713587_sleeve_length_type,INVALID
88_49730474_sleeve_length_type,Sin Manga
88_49727098_sleeve_length_type,INVALID
88_49728173_sleeve_length_type,Tirante Fino
88_49713942_sleeve_length_type,Larga
88_49721951_sleeve_length_type,Larga
88_49710207_sleeve_length_type,INVALID
88_49725377_sleeve_length_type,Sin Manga
88_49719094_sleeve_length_type,Larga
88_49716391_sleeve_length_type,Larga
88_49728901_sleeve_length_type,Corta
88_49733151_sleeve_length_type,INVALID
88_49719821_sleeve_length_type,Larga
88_49718630_sleeve_length_type,Larga
88_49719977_sleeve_length_type,INVALID
88_49719004_sleeve_length_type,Corta
88_49713616_sleeve_length_type,Larga
88_49729723_sleeve_length_type,Sin Manga
88_49734852_sleeve_length_type,INVALID
88_49717319_sleeve_length_type,INVALID
88_49723618_sleeve_length_type,INVALID
88_49713409_sleeve_length_type,Larga
88_49732859_sleeve_length_type,Larga
88_49719651_sleeve_length_type,INVALID
88_49731802_sleeve_length_type,Tirante Ancho
88_49714357_sleeve_length_type,Corta
88_49723521_sleeve_length_type,INVALID
88_49721731_sleeve_length_type,Larga
88_49710915_sleeve_length_type,Larga
88_49734271_sleeve_length_type,INVALID
88_49720076_sleeve_length_type,INVALID
88_49727297_sleeve_length_type,Tirante Fino
88_49727371_sleeve_length_type,Larga
88_49709815_sleeve_length_type,INVALID
88_49729314_sleeve_length_type,INVALID
88_49717837_sleeve_length_type,INVALID
88_49727285_sleeve_length_type,Sin Manga
88_49720727_sleeve_length_type,Larga
88_49706080_sleeve_length_type,INVALID
88_49729852_sleeve_length_type,Larga
88_49719993_sleeve_length_type,INVALID
88_49718198_sleeve_length_type,Corta
88_49722449_sleeve_length_type,INVALID
88_49713088_sleeve_length_type,INVALID
88_49716103_sleeve_length_type,INVALID
88_49723154_sleeve_length_type,Tirante Fino
88_49709426_sleeve_length_type,Larga
88_49719950_sleeve_length_type,Larga
88_49722965_sleeve_length_type,Corta
88_49728716_sleeve_length_type,Sin Manga
88_49734146_sleeve_length_type,Larga
88_49717329_sleeve_length_type,Larga
88_49717717_sleeve_length_type,INVALID
88_49723315_sleeve_length_type,INVALID
88_49731836_sleeve_length_type,Corta
88_49722761_sleeve_length_type,INVALID
88_49713605_sleeve_length_type,Sin Manga
88_49711118_sleeve_length_type,INVALID
88_49708016_sleeve_length_type,INVALID
88_49728122_sleeve_length_type,Corta
88_49735138_sleeve_length_type,INVALID
88_49714117_sleeve_length_type,INVALID
88_49720911_sleeve_length_type,Corta
88_49730239_sleeve_length_type,Sin Manga
88_49710899_sleeve_length_type,Corta
88_49732274_sleeve_length_type,Corta
88_49712194_sleeve_length_type,Corta
88_49713039_sleeve_length_type,Larga
88_49717548_sleeve_length_type,Larga
88_49713967_sleeve_length_type,Larga
88_49714088_sleeve_length_type,Larga
88_49708546_sleeve_length_type,INVALID
88_49703733_sleeve_length_type,INVALID
88_49711113_sleeve_length_type,INVALID
88_49714097_sleeve_length_type,Larga
88_49712395_sleeve_length_type,Larga
88_49730258_sleeve_length_type,Corta
88_49736549_sleeve_length_type,INVALID
88_49728905_sleeve_length_type,INVALID
88_49713809_sleeve_length_type,Larga
88_49718631_sleeve_length_type,Larga
88_49729915_sleeve_length_type,INVALID
88_49716510_sleeve_length_type,INVALID
88_49710882_sleeve_length_type,Larga
88_49725792_sleeve_length_type,INVALID
88_49733474_sleeve_length_type,INVALID
88_49725787_sleeve_length_type,Sin Manga
88_49730856_sleeve_length_type,Larga
88_49734274_sleeve_length_type,Corta
88_49721404_sleeve_length_type,Larga
88_49724231_sleeve_length_type,Corta
88_49719664_sleeve_length_type,Larga
88_49733649_sleeve_length_type,Larga
88_49725594_sleeve_length_type,Tirante Ancho
88_49723865_sleeve_length_type,Corta
88_49712601_sleeve_length_type,Larga
88_49723317_sleeve_length_type,INVALID
88_49718135_sleeve_length_type,Larga
88_49730988_sleeve_length_type,Tirante Fino
88_49719893_sleeve_length_type,Corta
88_49731705_sleeve_length_type,INVALID
88_49714946_sleeve_length_type,INVALID
88_49734272_sleeve_length_type,Tirante Fino
88_49731682_sleeve_length_type,Larga
88_49719351_sleeve_length_type,INVALID
88_49710983_sleeve_length_type,Larga
88_49732106_sleeve_length_type,Larga
88_49719982_sleeve_length_type,INVALID
88_49726771_sleeve_length_type,Larga
88_49713765_sleeve_length_type,Larga
88_49711337_sleeve_length_type,Larga
88_49726877_sleeve_length_type,Larga
88_49719624_sleeve_length_type,Corta
88_49712105_sleeve_length_type,INVALID
88_49717421_sleeve_length_type,Larga
88_49713608_sleeve_length_type,Sin Manga
88_49730227_sleeve_length_type,Larga
88_49723172_sleeve_length_type,INVALID
88_49720287_sleeve_length_type,INVALID
88_49740977_sleeve_length_type,Corta
88_49725832_sleeve_length_type,Corta
88_49711112_sleeve_length_type,Corta
88_49716836_sleeve_length_type,INVALID
88_49728717_sleeve_length_type,INVALID
88_49724621_sleeve_length_type,Larga
88_49725201_sleeve_length_type,Larga
88_49713403_sleeve_length_type,Larga
88_49734554_sleeve_length_type,INVALID
88_49717864_sleeve_length_type,INVALID
88_49728515_sleeve_length_type,INVALID
88_49722645_sleeve_length_type,Corta
88_49734276_sleeve_length_type,Corta
88_49724268_sleeve_length_type,Larga
88_49722700_sleeve_length_type,Larga
88_49713796_sleeve_length_type,Larga
88_49720304_sleeve_length_type,INVALID
88_49707259_sleeve_length_type,INVALID
88_49713361_sleeve_length_type,INVALID
88_49721972_sleeve_length_type,INVALID
88_49714024_sleeve_length_type,Larga
88_49725246_sleeve_length_type,Larga
88_49730264_sleeve_length_type,INVALID
88_49729855_sleeve_length_type,Larga
88_49715897_sleeve_length_type,Larga
88_49712218_sleeve_length_type,INVALID
88_49718805_sleeve_length_type,Corta
88_49725237_sleeve_length_type,INVALID
88_49719842_sleeve_length_type,Corta
88_49727779_sleeve_length_type,Corta
88_49719331_sleeve_length_type,Larga
88_49708907_sleeve_length_type,INVALID
88_49733155_sleeve_length_type,Larga
88_49729772_sleeve_length_type,Tirante Fino
88_49723890_sleeve_length_type,Larga
88_49719000_sleeve_length_type,INVALID
88_49726155_sleeve_length_type,Larga
88_49718785_sleeve_length_type,Corta
88_49734602_sleeve_length_type,INVALID
88_49708007_sleeve_length_type,INVALID
88_49712600_sleeve_length_type,INVALID
88_49712996_sleeve_length_type,Larga
88_49731817_sleeve_length_type,Larga
88_49711109_sleeve_length_type,INVALID
88_49717750_sleeve_length_type,Larga
88_49723284_sleeve_length_type,Larga
88_49727055_sleeve_length_type,Larga
88_49713393_sleeve_length_type,Larga
88_49730272_sleeve_length_type,Tirante Fino
88_49728698_sleeve_length_type,Corta
88_49709716_sleeve_length_type,INVALID
88_49733667_sleeve_length_type,Larga
88_49723050_sleeve_length_type,INVALID
88_49720048_sleeve_length_type,INVALID
88_49734587_sleeve_length_type,Sin Manga
88_49717967_sleeve_length_type,Larga
88_49729309_sleeve_length_type,Tirante Ancho
88_49723297_sleeve_length_type,INVALID
88_49707234_sleeve_length_type,INVALID
88_49718187_sleeve_length_type,Corta
88_49719136_sleeve_length_type,Corta
88_49727954_sleeve_length_type,Sin Manga
88_49721371_sleeve_length_type,INVALID
88_49708342_sleeve_length_type,Larga
88_49713076_sleeve_length_type,Tirante Fino
88_49723895_sleeve_length_type,Larga
88_49733658_sleeve_length_type,Corta
88_49722687_sleeve_length_type,INVALID
88_49708372_sleeve_length_type,INVALID
88_49723288_sleeve_length_type,INVALID
88_49720284_sleeve_length_type,Larga
88_49711359_sleeve_length_type,INVALID
88_49717021_sleeve_length_type,INVALID
88_49724632_sleeve_length_type,Larga
88_49733688_sleeve_length_type,INVALID
88_49728139_sleeve_length_type,INVALID
88_49732371_sleeve_length_type,Tirante Ancho
88_49737139_sleeve_length_type,Tirante Fino
88_49734844_sleeve_length_type,INVALID
88_49729738_sleeve_length_type,INVALID
88_49713958_sleeve_length_type,Corta
88_49729159_sleeve_length_type,INVALID
88_49712618_sleeve_length_type,INVALID
88_49718475_sleeve_length_type,INVALID
88_49717730_sleeve_length_type,INVALID
88_49719896_sleeve_length_type,Larga
88_49734580_sleeve_length_type,INVALID
88_49728493_sleeve_length_type,INVALID
88_49728916_sleeve_length_type,INVALID
88_49730985_sleeve_length_type,INVALID
88_49710635_sleeve_length_type,INVALID
88_49714142_sleeve_length_type,INVALID
88_49724903_sleeve_length_type,Corta
88_49719014_sleeve_length_type,INVALID
88_49732101_sleeve_length_type,Larga
88_49730262_sleeve_length_type,Larga
88_49727604_sleeve_length_type,Larga
88_49730280_sleeve_length_type,INVALID
88_49728908_sleeve_length_type,INVALID
88_49715632_sleeve_length_type,Larga
88_49722098_sleeve_length_type,INVALID
88_49730892_sleeve_length_type,INVALID
88_49715788_sleeve_length_type,Larga
88_49720051_sleeve_length_type,INVALID
88_49714736_sleeve_length_type,INVALID
88_49712995_sleeve_length_type,Larga
88_49705923_sleeve_length_type,INVALID
88_49721438_sleeve_length_type,INVALID
88_49719682_sleeve_length_type,Sin Manga
88_49726504_sleeve_length_type,INVALID
88_49719874_sleeve_length_type,INVALID
88_49725626_sleeve_length_type,INVALID
88_49718148_sleeve_length_type,INVALID
88_49711137_sleeve_length_type,Sin Manga
88_49721447_sleeve_length_type,Larga
88_49727763_sleeve_length_type,Larga
88_49725601_sleeve_length_type,Tirante Fino
88_49709580_sleeve_length_type,Sin Manga
88_49715510_sleeve_length_type,Corta
88_49718191_sleeve_length_type,Larga
88_49708337_sleeve_length_type,INVALID
88_49722480_sleeve_length_type,INVALID
88_49711130_sleeve_length_type,INVALID
88_49713764_sleeve_length_type,Larga
88_49723716_sleeve_length_type,Larga
88_49734595_sleeve_length_type,INVALID
88_49730238_sleeve_length_type,Larga
88_49719420_sleeve_length_type,INVALID
88_49720729_sleeve_length_type,INVALID
88_49731346_sleeve_length_type,Larga
88_49719147_sleeve_length_type,INVALID
88_49719638_sleeve_length_type,Corta
88_49727354_sleeve_length_type,INVALID
88_49714108_sleeve_length_type,INVALID
88_49721771_sleeve_length_type,Larga
88_49725620_sleeve_length_type,Larga
88_49719639_sleeve_length_type,INVALID
88_49728507_sleeve_length_type,Sin Manga
88_49709380_sleeve_length_type,INVALID
88_49715922_sleeve_length_type,Larga
88_49711005_sleeve_length_type,Larga
88_49730480_sleeve_length_type,INVALID
88_49733466_sleeve_length_type,Corta
88_49717029_sleeve_length_type,Larga
88_49713816_sleeve_length_type,INVALID
88_49722048_sleeve_length_type,INVALID
88_49734277_sleeve_length_type,Corta
88_49735945_sleeve_length_type,Larga
88_49734467_sleeve_length_type,Larga
88_49729156_sleeve_length_type,Larga
88_49729126_sleeve_length_type,Larga
88_49715637_sleeve_length_type,Larga
88_49719991_sleeve_length_type,Corta
88_49728727_sleeve_length_type,Corta
88_49715526_sleeve_length_type,Larga
88_49727949_sleeve_length_type,Larga
88_49716129_sleeve_length_type,INVALID
88_49712103_sleeve_length_type,Larga
88_49721424_sleeve_length_type,Larga
88_49720072_sleeve_length_type,INVALID
88_49714053_sleeve_length_type,Corta
88_49720022_sleeve_length_type,INVALID
88_49733687_sleeve_length_type,Larga
88_49719103_sleeve_length_type,Larga
88_49724075_sleeve_length_type,Corta
88_49717411_sleeve_length_type,Larga
88_49733128_sleeve_length_type,INVALID
88_49714925_sleeve_length_type,INVALID
88_49716127_sleeve_length_type,INVALID
88_49733147_sleeve_length_type,Corta
88_49726777_sleeve_length_type,Larga
88_49733489_sleeve_length_type,Corta
88_49713103_sleeve_length_type,INVALID
88_49727958_sleeve_length_type,Larga
88_49716622_sleeve_length_type,INVALID
88_49725375_sleeve_length_type,Larga
88_49719407_sleeve_length_type,INVALID
88_49727056_sleeve_length_type,INVALID
88_49715345_sleeve_length_type,Larga
88_49731869_sleeve_length_type,Corta
88_49720331_sleeve_length_type,Larga
88_49729161_sleeve_length_type,INVALID
88_49712613_sleeve_length_type,INVALID
88_49731373_sleeve_length_type,Larga
88_49732368_sleeve_length_type,INVALID
88_49727722_sleeve_length_type,Tirante Fino
88_49725614_sleeve_length_type,INVALID
88_49732125_sleeve_length_type,Tirante Fino
88_49719134_sleeve_length_type,Corta
88_49727091_sleeve_length_type,INVALID
88_49717570_sleeve_length_type,INVALID
88_49728196_sleeve_length_type,Sin Manga
88_49717512_sleeve_length_type,INVALID
88_49716399_sleeve_length_type,Larga
88_49728195_sleeve_length_type,Larga
88_49717541_sleeve_length_type,Larga
88_49722650_sleeve_length_type,INVALID
88_49711164_sleeve_length_type,INVALID
88_49732363_sleeve_length_type,Corta
88_49722596_sleeve_length_type,Corta
88_49709721_sleeve_length_type,INVALID
88_49721774_sleeve_length_type,INVALID
88_49710885_sleeve_length_type,Larga
88_49724597_sleeve_length_type,Larga
88_49719130_sleeve_length_type,Corta
88_49718440_sleeve_length_type,INVALID
88_49711211_sleeve_length_type,INVALID
88_49714146_sleeve_length_type,Larga
88_49732665_sleeve_length_type,INVALID
88_49731832_sleeve_length_type,Corta
88_49724950_sleeve_length_type,Corta
88_49734153_sleeve_length_type,INVALID
88_49734281_sleeve_length_type,INVALID
88_49729907_sleeve_length_type,INVALID
88_49717061_sleeve_length_type,Larga
88_49720323_sleeve_length_type,INVALID
88_49727608_sleeve_length_type,Corta
88_49731435_sleeve_length_type,Tirante Fino
88_49736189_sleeve_length_type,INVALID
88_49735570_sleeve_length_type,Corta
88_49715210_sleeve_length_type,Larga
88_49722080_sleeve_length_type,INVALID
88_49730245_sleeve_length_type,Sin Manga
88_49711605_sleeve_length_type,INVALID
88_49722097_sleeve_length_type,INVALID
88_49715165_sleeve_length_type,Corta
88_49723146_sleeve_length_type,Corta
88_49724888_sleeve_length_type,INVALID
88_49717884_sleeve_length_type,Corta
88_49729331_sleeve_length_type,Larga
88_49731378_sleeve_length_type,Larga
88_49716123_sleeve_length_type,Larga
88_49723714_sleeve_length_type,INVALID
88_49720267_sleeve_length_type,INVALID
88_49715138_sleeve_length_type,Corta
88_49724942_sleeve_length_type,Larga
88_49724255_sleeve_length_type,Larga
88_49718826_sleeve_length_type,Corta
88_49715137_sleeve_length_type,Corta
88_49708010_sleeve_length_type,INVALID
88_49724211_sleeve_length_type,Larga
88_49719680_sleeve_length_type,Larga
88_49724620_sleeve_length_type,Larga
88_49711165_sleeve_length_type,INVALID
88_49712030_sleeve_length_type,INVALID
88_49715187_sleeve_length_type,Corta
88_49717741_sleeve_length_type,INVALID
88_49724222_sleeve_length_type,Corta
88_49722988_sleeve_length_type,INVALID
88_49732661_sleeve_length_type,INVALID
88_49720004_sleeve_length_type,Larga
88_49728626_sleeve_length_type,Corta
88_49711175_sleeve_length_type,Larga
88_49728718_sleeve_length_type,Larga
88_49731815_sleeve_length_type,Tirante Ancho
88_49727531_sleeve_length_type,INVALID
88_49730857_sleeve_length_type,Sin Manga
88_49715896_sleeve_length_type,Larga
88_49706082_sleeve_length_type,INVALID
88_49709881_sleeve_length_type,Corta
88_49723587_sleeve_length_type,Larga
88_49731807_sleeve_length_type,Tirante Fino
88_49721722_sleeve_length_type,INVALID
88_49713793_sleeve_length_type,INVALID
88_49720817_sleeve_length_type,Larga
88_49720296_sleeve_length_type,INVALID
88_49728184_sleeve_length_type,INVALID
88_49710446_sleeve_length_type,Larga
88_49715178_sleeve_length_type,INVALID
88_49721966_sleeve_length_type,Corta
88_49731269_sleeve_length_type,Sin Manga
88_49709376_sleeve_length_type,INVALID
88_49730232_sleeve_length_type,Sin Manga
88_49711032_sleeve_length_type,INVALID
88_49711059_sleeve_length_type,Corta
88_49726888_sleeve_length_type,INVALID
88_49714907_sleeve_length_type,Larga
88_49725584_sleeve_length_type,Larga
88_49724226_sleeve_length_type,Larga
88_49708915_sleeve_length_type,INVALID
88_49724271_sleeve_length_type,Corta
88_49733477_sleeve_length_type,Larga
88_49731859_sleeve_length_type,Corta
88_49730295_sleeve_length_type,INVALID
88_49733668_sleeve_length_type,Sin Manga
88_49709594_sleeve_length_type,Corta
88_49711007_sleeve_length_type,Larga
88_49721420_sleeve_length_type,INVALID
88_49724636_sleeve_length_type,Larga
88_49720810_sleeve_length_type,INVALID
88_49713413_sleeve_length_type,INVALID
88_49718439_sleeve_length_type,Larga
88_49715347_sleeve_length_type,Larga
88_49731353_sleeve_length_type,Corta
88_49715176_sleeve_length_type,INVALID
88_49710959_sleeve_length_type,Corta
88_49713801_sleeve_length_type,Larga
88_49724225_sleeve_length_type,Larga
88_49712242_sleeve_length_type,INVALID
88_49722042_sleeve_length_type,Sin Manga
88_49715168_sleeve_length_type,Larga
88_49722651_sleeve_length_type,Corta
88_49722662_sleeve_length_type,Sin Manga
88_49724907_sleeve_length_type,INVALID
88_49734287_sleeve_length_type,Sin Manga
88_49722506_sleeve_length_type,Larga
88_49710587_sleeve_length_type,Tirante Fino
88_49722642_sleeve_length_type,INVALID
88_49712841_sleeve_length_type,Larga
88_49721750_sleeve_length_type,Larga
88_49714932_sleeve_length_type,INVALID
88_49727788_sleeve_length_type,Sin Manga
88_49729299_sleeve_length_type,INVALID
88_49728702_sleeve_length_type,INVALID
88_49722704_sleeve_length_type,Corta
88_49722699_sleeve_length_type,Larga
88_49713610_sleeve_length_type,INVALID
88_49728656_sleeve_length_type,INVALID
88_49730321_sleeve_length_type,INVALID
88_49725228_sleeve_length_type,Larga
88_49707527_sleeve_length_type,INVALID
88_49724558_sleeve_length_type,Larga
88_49718808_sleeve_length_type,INVALID
88_49721126_sleeve_length_type,Sin Manga
88_49710938_sleeve_length_type,Larga
88_49710910_sleeve_length_type,INVALID
88_49717297_sleeve_length_type,INVALID
88_49714115_sleeve_length_type,INVALID
88_49723306_sleeve_length_type,INVALID
88_49721150_sleeve_length_type,INVALID
88_49723596_sleeve_length_type,Sin Manga
88_49709419_sleeve_length_type,Larga
88_49721691_sleeve_length_type,Larga
88_49718824_sleeve_length_type,Larga
88_49730883_sleeve_length_type,Tirante Ancho
88_49717060_sleeve_length_type,INVALID
88_49721144_sleeve_length_type,Larga
88_49713838_sleeve_length_type,INVALID
88_49710497_sleeve_length_type,INVALID
88_49716509_sleeve_length_type,INVALID
88_49718186_sleeve_length_type,Corta
88_49712360_sleeve_length_type,Larga
88_49727736_sleeve_length_type,INVALID
88_49715667_sleeve_length_type,INVALID
88_49718864_sleeve_length_type,INVALID
88_49725766_sleeve_length_type,Larga
88_49722219_sleeve_length_type,Larga
88_49713043_sleeve_length_type,Larga
88_49723252_sleeve_length_type,INVALID
88_49733651_sleeve_length_type,INVALID
88_49710286_sleeve_length_type,INVALID
88_49707239_sleeve_length_type,INVALID
88_49733133_sleeve_length_type,Larga
88_49730854_sleeve_length_type,Corta
88_49720762_sleeve_length_type,Larga
88_49722225_sleeve_length_type,Larga
88_49732365_sleeve_length_type,INVALID
88_49707246_sleeve_length_type,INVALID
88_49728166_sleeve_length_type,Sin Manga
88_49728496_sleeve_length_type,Larga
88_49713888_sleeve_length_type,Larga
88_49710930_sleeve_length_type,Larga
88_49713598_sleeve_length_type,INVALID
88_49719685_sleeve_length_type,Corta
88_49717847_sleeve_length_type,INVALID
88_49714029_sleeve_length_type,Larga
88_49719391_sleeve_length_type,Larga
88_49718994_sleeve_length_type,Larga
88_49719840_sleeve_length_type,INVALID
88_49721149_sleeve_length_type,Larga
88_49718858_sleeve_length_type,INVALID
88_49711073_sleeve_length_type,Larga
88_49712727_sleeve_length_type,Corta
88_49718638_sleeve_length_type,INVALID
88_49722644_sleeve_length_type,Larga
88_49708028_sleeve_length_type,INVALID
88_49720695_sleeve_length_type,INVALID
88_49722731_sleeve_length_type,INVALID
88_49711060_sleeve_length_type,Corta
88_49734807_sleeve_length_type,Corta
88_49708049_sleeve_length_type,Larga
88_49727314_sleeve_length_type,INVALID
88_49721740_sleeve_length_type,Sin Manga
88_49724156_sleeve_length_type,Larga
88_49732119_sleeve_length_type,Tirante Fino
88_49713911_sleeve_length_type,INVALID
88_49721450_sleeve_length_type,INVALID
88_49724922_sleeve_length_type,INVALID
88_49727042_sleeve_length_type,Sin Manga
88_49717889_sleeve_length_type,INVALID
88_49726107_sleeve_length_type,Larga
88_49714044_sleeve_length_type,Larga
88_49722705_sleeve_length_type,INVALID
88_49719132_sleeve_length_type,Sin Manga
88_49730890_sleeve_length_type,Sin Manga
88_49727317_sleeve_length_type,INVALID
88_49714950_sleeve_length_type,INVALID
88_49723604_sleeve_length_type,Larga
88_49719658_sleeve_length_type,Larga
88_49728861_sleeve_length_type,Corta
88_49722656_sleeve_length_type,Larga
88_49712837_sleeve_length_type,INVALID
88_49714917_sleeve_length_type,INVALID
88_49727350_sleeve_length_type,INVALID
88_49715203_sleeve_length_type,INVALID
88_49726154_sleeve_length_type,Corta
88_49708336_sleeve_length_type,INVALID
88_49732288_sleeve_length_type,Corta
88_49729936_sleeve_length_type,INVALID
88_49713376_sleeve_length_type,INVALID
88_49735312_sleeve_length_type,Larga
88_49732361_sleeve_length_type,INVALID
88_49731710_sleeve_length_type,Sin Manga
88_49710896_sleeve_length_type,Larga
88_49727048_sleeve_length_type,INVALID
88_49714693_sleeve_length_type,Corta
88_49722223_sleeve_length_type,Larga
88_49719408_sleeve_length_type,Larga
88_49720795_sleeve_length_type,Larga
88_49715911_sleeve_length_type,INVALID
88_49728522_sleeve_length_type,INVALID
88_49715509_sleeve_length_type,Corta
88_49713025_sleeve_length_type,Larga
88_49730483_sleeve_length_type,Larga
88_49720042_sleeve_length_type,INVALID
88_49728652_sleeve_length_type,Corta
88_49725784_sleeve_length_type,Corta
88_49731408_sleeve_length_type,Larga
88_49724652_sleeve_length_type,INVALID
88_49718647_sleeve_length_type,Corta
88_49719915_sleeve_length_type,Larga
88_49728442_sleeve_length_type,INVALID
88_49732343_sleeve_length_type,Larga
88_49719813_sleeve_length_type,Corta
88_49733964_sleeve_length_type,Corta
88_49734808_sleeve_length_type,Larga
88_49707233_sleeve_length_type,INVALID
88_49705926_sleeve_length_type,Larga
88_49727284_sleeve_length_type,Larga
88_49718843_sleeve_length_type,Larga
88_49714962_sleeve_length_type,Larga
88_49727555_sleeve_length_type,INVALID
88_49729311_sleeve_length_type,INVALID
88_49724250_sleeve_length_type,Larga
88_49712836_sleeve_length_type,INVALID
88_49711229_sleeve_length_type,Corta
88_49718981_sleeve_length_type,Corta
88_49721683_sleeve_length_type,Larga
88_49718590_sleeve_length_type,Larga
88_49733134_sleeve_length_type,INVALID
88_49713347_sleeve_length_type,INVALID
88_49728643_sleeve_length_type,Corta
88_49709392_sleeve_length_type,Larga
88_49717026_sleeve_length_type,Larga
88_49733473_sleeve_length_type,INVALID
88_49731364_sleeve_length_type,Larga
88_49729132_sleeve_length_type,Tirante Fino
88_49723056_sleeve_length_type,Larga
88_49712361_sleeve_length_type,Larga
88_49720908_sleeve_length_type,Corta
88_49730324_sleeve_length_type,Tirante Ancho
88_49711609_sleeve_length_type,Corta
88_49729759_sleeve_length_type,Sin Manga
88_49731027_sleeve_length_type,Larga
88_49708369_sleeve_length_type,Larga
88_49714129_sleeve_length_type,INVALID
88_49715791_sleeve_length_type,INVALID
88_49709384_sleeve_length_type,INVALID
88_49731855_sleeve_length_type,Larga
88_49709590_sleeve_length_type,INVALID
88_49717420_sleeve_length_type,INVALID
88_49717885_sleeve_length_type,INVALID
88_49715196_sleeve_length_type,Larga
88_49711206_sleeve_length_type,Larga
88_49727044_sleeve_length_type,Larga
88_49709868_sleeve_length_type,Larga
88_49711342_sleeve_length_type,INVALID
88_49724073_sleeve_length_type,INVALID
88_49711138_sleeve_length_type,Larga
88_49714695_sleeve_length_type,Larga
88_49715475_sleeve_length_type,Larga
88_49710897_sleeve_length_type,INVALID
88_49726828_sleeve_length_type,INVALID
88_49704976_sleeve_length_type,INVALID
88_49710978_sleeve_length_type,Larga
88_49724925_sleeve_length_type,INVALID
88_49731301_sleeve_length_type,INVALID
88_49713404_sleeve_length_type,Tirante Fino
88_49715638_sleeve_length_type,INVALID
88_49726805_sleeve_length_type,INVALID
88_49734593_sleeve_length_type,Tirante Fino
88_49733475_sleeve_length_type,INVALID
88_49711383_sleeve_length_type,INVALID
88_49708513_sleeve_length_type,Larga
88_49733143_sleeve_length_type,INVALID
88_49709833_sleeve_length_type,INVALID
88_49723238_sleeve_length_type,Larga
88_49708557_sleeve_length_type,Larga
88_49706792_sleeve_length_type,INVALID
88_49734575_sleeve_length_type,Larga
88_49728200_sleeve_length_type,Larga
88_49714711_sleeve_length_type,Sin Manga
88_49732356_sleeve_length_type,INVALID
88_49719978_sleeve_length_type,INVALID
88_49730896_sleeve_length_type,Corta
88_49708527_sleeve_length_type,INVALID
88_49717045_sleeve_length_type,INVALID
88_49728622_sleeve_length_type,INVALID
88_49718840_sleeve_length_type,INVALID
88_49714013_sleeve_length_type,INVALID
88_49720070_sleeve_length_type,INVALID
88_49720337_sleeve_length_type,INVALID
88_49719953_sleeve_length_type,Larga
88_49729931_sleeve_length_type,INVALID
88_49723325_sleeve_length_type,INVALID
88_49712749_sleeve_length_type,Larga
88_49733470_sleeve_length_type,INVALID
88_49730311_sleeve_length_type,Corta
88_49731396_sleeve_length_type,INVALID
88_49711830_sleeve_length_type,Corta
88_49717009_sleeve_length_type,INVALID
88_49708373_sleeve_length_type,Larga
88_49715324_sleeve_length_type,INVALID
88_49729510_sleeve_length_type,INVALID
88_49711167_sleeve_length_type,INVALID
88_49721711_sleeve_length_type,Corta
88_49728448_sleeve_length_type,Sin Manga
88_49719403_sleeve_length_type,INVALID
88_49717537_sleeve_length_type,INVALID
88_49731856_sleeve_length_type,Larga
88_49724236_sleeve_length_type,Sin Manga
88_49727372_sleeve_length_type,Larga
88_49728483_sleeve_length_type,INVALID
88_49726870_sleeve_length_type,INVALID
88_49708335_sleeve_length_type,INVALID
88_49711375_sleeve_length_type,Larga
88_49733130_sleeve_length_type,INVALID
88_49722707_sleeve_length_type,INVALID
88_49717049_sleeve_length_type,Larga
88_49720282_sleeve_length_type,INVALID
88_49728486_sleeve_length_type,Tirante Fino
88_49728705_sleeve_length_type,Larga
88_49711193_sleeve_length_type,Larga
88_49725208_sleeve_length_type,INVALID
88_49715339_sleeve_length_type,Larga
88_49714042_sleeve_length_type,INVALID
88_49726182_sleeve_length_type,Larga
88_49719311_sleeve_length_type,INVALID
88_49727359_sleeve_length_type,INVALID
88_49731416_sleeve_length_type,INVALID
88_49731429_sleeve_length_type,Larga
88_49736540_sleeve_length_type,Larga
88_49714082_sleeve_length_type,Larga
88_49731325_sleeve_length_type,Larga
88_49719096_sleeve_length_type,Larga
88_49714726_sleeve_length_type,Larga
88_49732390_sleeve_length_type,INVALID
88_49717058_sleeve_length_type,Larga
88_49731398_sleeve_length_type,Corta
88_49711619_sleeve_length_type,Larga
88_49708353_sleeve_length_type,INVALID
88_49724650_sleeve_length_type,INVALID
88_49710191_sleeve_length_type,INVALID
88_49721112_sleeve_length_type,INVALID
88_49720039_sleeve_length_type,INVALID
88_49721772_sleeve_length_type,Corta
88_49707266_sleeve_length_type,Larga
88_49722463_sleeve_length_type,INVALID
88_49717963_sleeve_length_type,INVALID
88_49723520_sleeve_length_type,INVALID
88_49716400_sleeve_length_type,Larga
88_49723062_sleeve_length_type,Corta
88_49733464_sleeve_length_type,Tirante Ancho
88_49717960_sleeve_length_type,INVALID
88_49733646_sleeve_length_type,Corta
88_49714092_sleeve_length_type,INVALID
88_49726782_sleeve_length_type,INVALID
88_49725212_sleeve_length_type,Larga
88_49728466_sleeve_length_type,INVALID
88_49716355_sleeve_length_type,Corta
88_49729149_sleeve_length_type,Sin Manga
88_49735321_sleeve_length_type,Larga
88_49720848_sleeve_length_type,INVALID
88_49731684_sleeve_length_type,Larga
88_49730225_sleeve_length_type,Sin Manga
88_49714025_sleeve_length_type,Corta
88_49716268_sleeve_length_type,Larga
88_49715141_sleeve_length_type,Larga
88_49720038_sleeve_length_type,INVALID
88_49713908_sleeve_length_type,INVALID
88_49729303_sleeve_length_type,Sin Manga
88_49727746_sleeve_length_type,INVALID
88_49735306_sleeve_length_type,INVALID
88_49726845_sleeve_length_type,INVALID
88_49708041_sleeve_length_type,INVALID
88_49734857_sleeve_length_type,INVALID
88_49718183_sleeve_length_type,Corta
88_49720015_sleeve_length_type,Larga
88_49721713_sleeve_length_type,Sin Manga
88_49728530_sleeve_length_type,Corta
88_49713344_sleeve_length_type,Corta
88_49729146_sleeve_length_type,INVALID
88_49720712_sleeve_length_type,Larga
88_49708540_sleeve_length_type,INVALID
88_49726100_sleeve_length_type,INVALID
88_49728471_sleeve_length_type,Larga
88_49734556_sleeve_length_type,Tirante Ancho
88_49719406_sleeve_length_type,INVALID
88_49734572_sleeve_length_type,INVALID
88_49719614_sleeve_length_type,Larga
88_49712594_sleeve_length_type,INVALID
88_49728690_sleeve_length_type,Larga
88_49710932_sleeve_length_type,Larga
88_49734851_sleeve_length_type,Larga
88_49729938_sleeve_length_type,INVALID
88_49728720_sleeve_length_type,Corta
88_49722652_sleeve_length_type,INVALID
88_49732353_sleeve_length_type,INVALID
88_49718156_sleeve_length_type,Larga
88_49721733_sleeve_length_type,INVALID
88_49725568_sleeve_length_type,Tirante Ancho
88_49724214_sleeve_length_type,Larga
88_49712554_sleeve_length_type,INVALID
88_49724203_sleeve_length_type,INVALID
88_49717048_sleeve_length_type,INVALID
88_49719393_sleeve_length_type,INVALID
88_49722458_sleeve_length_type,Larga
88_49708925_sleeve_length_type,Larga
88_49717545_sleeve_length_type,INVALID
88_49719947_sleeve_length_type,INVALID
88_49715150_sleeve_length_type,Larga
88_49710580_sleeve_length_type,Larga
88_49722624_sleeve_length_type,INVALID
88_49715182_sleeve_length_type,Larga
88_49713836_sleeve_length_type,Larga
88_49726781_sleeve_length_type,Larga
88_49720747_sleeve_length_type,Tirante Ancho
88_49717314_sleeve_length_type,INVALID
88_49718961_sleeve_length_type,Larga
88_49714734_sleeve_length_type,Larga
88_49730233_sleeve_length_type,Corta
88_49717053_sleeve_length_type,INVALID
88_49730230_sleeve_length_type,Corta
88_49713412_sleeve_length_type,Corta
88_49731857_sleeve_length_type,Corta
88_49730889_sleeve_length_type,INVALID
88_49720301_sleeve_length_type,Larga
88_49722964_sleeve_length_type,Corta
88_49717023_sleeve_length_type,INVALID
88_49731862_sleeve_length_type,Sin Manga
88_49727358_sleeve_length_type,INVALID
88_49736186_sleeve_length_type,INVALID
88_49725219_sleeve_length_type,Larga
88_49725398_sleeve_length_type,INVALID
88_49715320_sleeve_length_type,INVALID
88_49715389_sleeve_length_type,Larga
88_49717557_sleeve_length_type,INVALID
88_49728510_sleeve_length_type,INVALID
88_49709452_sleeve_length_type,Larga
88_49729121_sleeve_length_type,INVALID
88_49723608_sleeve_length_type,INVALID
88_49718953_sleeve_length_type,INVALID
88_49711067_sleeve_length_type,Larga
88_49727802_sleeve_length_type,Sin Manga
88_49719812_sleeve_length_type,Corta
88_49725360_sleeve_length_type,Larga
88_49718802_sleeve_length_type,INVALID
88_49733127_sleeve_length_type,INVALID
88_49724282_sleeve_length_type,Corta
88_49713966_sleeve_length_type,INVALID
88_49710975_sleeve_length_type,Larga
88_49731701_sleeve_length_type,Larga
88_49728679_sleeve_length_type,Larga
88_49712723_sleeve_length_type,INVALID
88_49729498_sleeve_length_type,Sin Manga
88_49731359_sleeve_length_type,Tirante Fino
88_49714100_sleeve_length_type,INVALID
88_49722987_sleeve_length_type,INVALID
88_49723195_sleeve_length_type,INVALID
88_49715155_sleeve_length_type,Corta
88_49729758_sleeve_length_type,Larga
88_49710941_sleeve_length_type,Larga
88_49715143_sleeve_length_type,INVALID
88_49723006_sleeve_length_type,INVALID
88_49728526_sleeve_length_type,Larga
88_49726790_sleeve_length_type,INVALID
88_49728489_sleeve_length_type,Larga
88_49733480_sleeve_length_type,INVALID
88_49711121_sleeve_length_type,Larga
88_49717415_sleeve_length_type,INVALID
88_49714035_sleeve_length_type,Larga
88_49730881_sleeve_length_type,INVALID
88_49717708_sleeve_length_type,Larga
88_49720839_sleeve_length_type,Larga
88_49727558_sleeve_length_type,INVALID
88_49728529_sleeve_length_type,INVALID
88_49719647_sleeve_length_type,Corta
88_49726813_sleeve_length_type,Corta
88_49719276_sleeve_length_type,Corta
88_49729298_sleeve_length_type,INVALID
88_49727345_sleeve_length_type,INVALID
88_49712832_sleeve_length_type,Larga
88_49720733_sleeve_length_type,INVALID
88_49713372_sleeve_length_type,INVALID
88_49712574_sleeve_length_type,Larga
88_49720803_sleeve_length_type,INVALID
88_49720306_sleeve_length_type,INVALID
88_49732276_sleeve_length_type,Tirante Fino
88_49722084_sleeve_length_type,Corta
88_49712562_sleeve_length_type,Larga
88_49731717_sleeve_length_type,INVALID
88_49734457_sleeve_length_type,INVALID
88_49705111_sleeve_length_type,INVALID
88_49729859_sleeve_length_type,Corta
88_49707517_sleeve_length_type,Larga
88_49728912_sleeve_length_type,INVALID
88_49718096_sleeve_length_type,Larga
88_49711343_sleeve_length_type,INVALID
88_49707263_sleeve_length_type,Larga
88_49727745_sleeve_length_type,INVALID
88_49728664_sleeve_length_type,Corta
88_49718860_sleeve_length_type,INVALID
88_49721453_sleeve_length_type,Larga
88_49706083_sleeve_length_type,Corta
88_49714721_sleeve_length_type,Larga
88_49714052_sleeve_length_type,Larga
88_49730314_sleeve_length_type,Larga
88_49716272_sleeve_length_type,INVALID
88_49710545_sleeve_length_type,Larga
88_49719612_sleeve_length_type,Larga
88_49722092_sleeve_length_type,INVALID
88_49719693_sleeve_length_type,Larga
88_49718177_sleeve_length_type,Larga
88_49724594_sleeve_length_type,Corta
88_49710639_sleeve_length_type,INVALID
88_49718857_sleeve_length_type,INVALID
88_49712215_sleeve_length_type,Larga
88_49723537_sleeve_length_type,INVALID
88_49722515_sleeve_length_type,Sin Manga
88_49724959_sleeve_length_type,INVALID
88_49730471_sleeve_length_type,Larga
88_49724206_sleeve_length_type,Larga
88_49734555_sleeve_length_type,Larga
88_49729337_sleeve_length_type,Larga
88_49730998_sleeve_length_type,Sin Manga
88_49721687_sleeve_length_type,INVALID
88_49719906_sleeve_length_type,INVALID
88_49717017_sleeve_length_type,Larga
88_49719137_sleeve_length_type,Corta
88_49714689_sleeve_length_type,Corta
88_49731420_sleeve_length_type,INVALID
88_49712729_sleeve_length_type,Larga
88_49712710_sleeve_length_type,Larga
88_49724272_sleeve_length_type,INVALID
88_49713889_sleeve_length_type,INVALID
88_49728163_sleeve_length_type,Tirante Fino
88_49708343_sleeve_length_type,Larga
88_49734599_sleeve_length_type,INVALID
88_49720700_sleeve_length_type,INVALID
88_49720912_sleeve_length_type,Corta
88_49714076_sleeve_length_type,Sin Manga
88_49711628_sleeve_length_type,Larga
88_49722999_sleeve_length_type,INVALID
88_49714965_sleeve_length_type,INVALID
88_49717030_sleeve_length_type,Larga
88_49728161_sleeve_length_type,Larga
88_49722069_sleeve_length_type,INVALID
88_49711186_sleeve_length_type,INVALID
88_49727349_sleeve_length_type,INVALID
88_49727293_sleeve_length_type,INVALID
88_49723260_sleeve_length_type,INVALID
88_49707242_sleeve_length_type,INVALID
88_49712057_sleeve_length_type,Larga
88_49724628_sleeve_length_type,Sin Manga
88_49733124_sleeve_length_type,INVALID
88_49712044_sleeve_length_type,Larga
88_49711081_sleeve_length_type,Larga
88_49721464_sleeve_length_type,INVALID
88_49718639_sleeve_length_type,INVALID
88_49723897_sleeve_length_type,Larga
88_49733113_sleeve_length_type,INVALID
88_49725621_sleeve_length_type,Larga
88_49733458_sleeve_length_type,INVALID
88_49721709_sleeve_length_type,INVALID
88_49712595_sleeve_length_type,INVALID
88_49730329_sleeve_length_type,INVALID
88_49732379_sleeve_length_type,Larga
88_49718799_sleeve_length_type,Larga
88_49729735_sleeve_length_type,INVALID
88_49724178_sleeve_length_type,Larga
88_49729722_sleeve_length_type,Corta
88_49712978_sleeve_length_type,Larga
88_49719339_sleeve_length_type,INVALID
88_49717412_sleeve_length_type,INVALID
88_49716260_sleeve_length_type,INVALID
88_49715050_sleeve_length_type,Corta
88_49734600_sleeve_length_type,Larga
88_49730862_sleeve_length_type,Corta
88_49718995_sleeve_length_type,INVALID
88_49710190_sleeve_length_type,INVALID
88_49718608_sleeve_length_type,INVALID
88_49733662_sleeve_length_type,Larga
88_49726879_sleeve_length_type,INVALID
88_49715785_sleeve_length_type,INVALID
88_49716624_sleeve_length_type,INVALID
88_49712059_sleeve_length_type,Corta
88_49727294_sleeve_length_type,INVALID
88_49711367_sleeve_length_type,Larga
88_49726164_sleeve_length_type,INVALID
88_49722247_sleeve_length_type,INVALID
88_49716626_sleeve_length_type,INVALID
88_49719417_sleeve_length_type,Corta
88_49717280_sleeve_length_type,Larga
88_49731298_sleeve_length_type,Larga
88_49724107_sleeve_length_type,Corta
88_49728697_sleeve_length_type,INVALID
88_49731343_sleeve_length_type,Corta
88_49727307_sleeve_length_type,Larga
88_49720277_sleeve_length_type,Larga
88_49735308_sleeve_length_type,INVALID
88_49724601_sleeve_length_type,INVALID
88_49718599_sleeve_length_type,Larga
88_49734148_sleeve_length_type,INVALID
88_49727597_sleeve_length_type,Sin Manga
88_49728709_sleeve_length_type,Corta
88_49719338_sleeve_length_type,INVALID
88_49730468_sleeve_length_type,Larga
88_49723059_sleeve_length_type,Larga
88_49718447_sleeve_length_type,INVALID
88_49714103_sleeve_length_type,INVALID
88_49721768_sleeve_length_type,Larga
88_49716403_sleeve_length_type,Larga
88_49713389_sleeve_length_type,Larga
88_49730330_sleeve_length_type,INVALID
88_49713034_sleeve_length_type,Larga
88_49725203_sleeve_length_type,Larga
88_49729127_sleeve_length_type,INVALID
88_49733137_sleeve_length_type,Corta
88_49722045_sleeve_length_type,Corta
88_49721145_sleeve_length_type,Larga
88_49708559_sleeve_length_type,Larga
88_49728116_sleeve_length_type,INVALID
88_49727633_sleeve_length_type,INVALID
88_49723316_sleeve_length_type,Larga
88_49736188_sleeve_length_type,INVALID
88_49717868_sleeve_length_type,Corta
88_49724926_sleeve_length_type,Corta
88_49728495_sleeve_length_type,Larga
88_49719006_sleeve_length_type,Larga
88_49727629_sleeve_length_type,INVALID
88_49727730_sleeve_length_type,Larga
88_49717269_sleeve_length_type,INVALID
88_49711345_sleeve_length_type,Larga
88_49729950_sleeve_length_type,Tirante Ancho
88_49713019_sleeve_length_type,Corta
88_49709813_sleeve_length_type,INVALID
88_49725391_sleeve_length_type,INVALID
88_49717318_sleeve_length_type,INVALID
88_49725757_sleeve_length_type,Corta
88_49720801_sleeve_length_type,Larga
88_49724623_sleeve_length_type,Larga
88_49728155_sleeve_length_type,INVALID
88_49724635_sleeve_length_type,Larga
88_49713110_sleeve_length_type,Larga
88_49717836_sleeve_length_type,Larga
88_49708364_sleeve_length_type,INVALID
88_49717052_sleeve_length_type,Larga
88_49714742_sleeve_length_type,Larga
88_49719343_sleeve_length_type,INVALID
88_49720056_sleeve_length_type,Larga
88_49715147_sleeve_length_type,INVALID
88_49718207_sleeve_length_type,Larga
88_49730482_sleeve_length_type,Sin Manga
88_49717531_sleeve_length_type,INVALID
88_49727051_sleeve_length_type,Corta
88_49710878_sleeve_length_type,INVALID
88_49717059_sleeve_length_type,Larga
88_49715889_sleeve_length_type,INVALID
88_49720025_sleeve_length_type,INVALID
88_49717567_sleeve_length_type,INVALID
88_49732663_sleeve_length_type,INVALID
88_49711347_sleeve_length_type,INVALID
88_49727620_sleeve_length_type,Larga
88_49711831_sleeve_length_type,INVALID
88_49719712_sleeve_length_type,INVALID
88_49708514_sleeve_length_type,Larga
88_49727331_sleeve_length_type,INVALID
88_49708315_sleeve_length_type,INVALID
88_49710193_sleeve_length_type,INVALID
88_49720725_sleeve_length_type,INVALID
88_49731333_sleeve_length_type,Sin Manga
88_49720716_sleeve_length_type,Corta
88_49723283_sleeve_length_type,Larga
88_49731024_sleeve_length_type,INVALID
88_49709856_sleeve_length_type,Sin Manga
88_49712846_sleeve_length_type,Larga
88_49718819_sleeve_length_type,Larga
88_49720804_sleeve_length_type,INVALID
88_49727295_sleeve_length_type,Larga
88_49717010_sleeve_length_type,Larga
88_49706438_sleeve_length_type,INVALID
88_49719934_sleeve_length_type,INVALID
88_49707286_sleeve_length_type,Larga
88_49713770_sleeve_length_type,Larga
88_49708322_sleeve_length_type,Larga
88_49731037_sleeve_length_type,Sin Manga
88_49720837_sleeve_length_type,Corta
88_49716104_sleeve_length_type,Larga
88_49722478_sleeve_length_type,INVALID
88_49710272_sleeve_length_type,Larga
88_49708358_sleeve_length_type,INVALID
88_49713916_sleeve_length_type,Larga
88_49717846_sleeve_length_type,INVALID
88_49721429_sleeve_length_type,INVALID
88_49712718_sleeve_length_type,INVALID
88_49719123_sleeve_length_type,INVALID
88_49722683_sleeve_length_type,Larga
88_49723145_sleeve_length_type,Corta
88_49703563_sleeve_length_type,INVALID
88_49715186_sleeve_length_type,INVALID
88_49719275_sleeve_length_type,Corta
88_49713341_sleeve_length_type,INVALID
88_49733457_sleeve_length_type,INVALID
88_49721152_sleeve_length_type,Larga
88_49718850_sleeve_length_type,INVALID
88_49731871_sleeve_length_type,Sin Manga
88_49721770_sleeve_length_type,Corta
88_49731866_sleeve_length_type,INVALID
88_49726882_sleeve_length_type,INVALID
88_49731804_sleeve_length_type,Tirante Fino
88_49711603_sleeve_length_type,Larga
88_49727805_sleeve_length_type,INVALID
88_49711635_sleeve_length_type,Corta
88_49713108_sleeve_length_type,Larga
88_49723027_sleeve_length_type,Tirante Ancho
88_49731708_sleeve_length_type,Corta
88_49723017_sleeve_length_type,INVALID
88_49718167_sleeve_length_type,INVALID
88_49726866_sleeve_length_type,INVALID
88_49707267_sleeve_length_type,Larga
88_49720914_sleeve_length_type,Tirante Fino
88_49725390_sleeve_length_type,INVALID
88_49720029_sleeve_length_type,INVALID
88_49733686_sleeve_length_type,Corta
88_49711136_sleeve_length_type,Larga
88_49714110_sleeve_length_type,Larga
88_49726637_sleeve_length_type,INVALID
88_49734456_sleeve_length_type,Tirante Fino
88_49733110_sleeve_length_type,Larga
88_49713789_sleeve_length_type,Larga
88_49721135_sleeve_length_type,Larga
88_49712830_sleeve_length_type,Larga
88_49727740_sleeve_length_type,Larga
88_49721142_sleeve_length_type,Larga
88_49712199_sleeve_length_type,Larga
88_49705109_sleeve_length_type,INVALID
88_49710546_sleeve_length_type,Larga
88_49727289_sleeve_length_type,Larga
88_49728715_sleeve_length_type,Sin Manga
88_49710575_sleeve_length_type,INVALID
88_49735319_sleeve_length_type,Sin Manga
88_49717992_sleeve_length_type,INVALID
88_49712555_sleeve_length_type,INVALID
88_49728167_sleeve_length_type,Corta
88_49719869_sleeve_length_type,Larga
88_49728885_sleeve_length_type,Sin Manga
88_49710905_sleeve_length_type,Corta
88_49732670_sleeve_length_type,Larga
88_49731356_sleeve_length_type,Larga
88_49719683_sleeve_length_type,Larga
88_49724637_sleeve_length_type,INVALID
88_49708351_sleeve_length_type,Larga
88_49715190_sleeve_length_type,INVALID
88_49709431_sleeve_length_type,Larga
88_49728669_sleeve_length_type,INVALID
88_49724890_sleeve_length_type,INVALID
88_49725229_sleeve_length_type,Larga
88_49720764_sleeve_length_type,INVALID
88_49722233_sleeve_length_type,Larga
88_49723025_sleeve_length_type,Corta
88_49718441_sleeve_length_type,INVALID
88_49725629_sleeve_length_type,INVALID
88_49709820_sleeve_length_type,INVALID
88_49723018_sleeve_length_type,Sin Manga
88_49718098_sleeve_length_type,Larga
88_49734275_sleeve_length_type,Corta
88_49714151_sleeve_length_type,INVALID
88_49719698_sleeve_length_type,INVALID
88_49724575_sleeve_length_type,Corta
88_49713080_sleeve_length_type,Larga
88_49719118_sleeve_length_type,Sin Manga
88_49715344_sleeve_length_type,Larga
88_49717036_sleeve_length_type,Larga
88_49725586_sleeve_length_type,Sin Manga
88_49715515_sleeve_length_type,Larga
88_49722242_sleeve_length_type,INVALID
88_49718986_sleeve_length_type,Corta
88_49716837_sleeve_length_type,INVALID
88_49721372_sleeve_length_type,INVALID
88_49723267_sleeve_length_type,Larga
88_49730897_sleeve_length_type,INVALID
88_49735571_sleeve_length_type,Tirante Fino
88_49721147_sleeve_length_type,Larga
88_49726768_sleeve_length_type,Corta
88_49734843_sleeve_length_type,Larga
88_49721696_sleeve_length_type,Tirante Fino
88_49713410_sleeve_length_type,INVALID
88_49733968_sleeve_length_type,INVALID
88_49727507_sleeve_length_type,Larga
88_49708319_sleeve_length_type,Larga
88_49719422_sleeve_length_type,INVALID
88_49731299_sleeve_length_type,Larga
88_49718108_sleeve_length_type,Larga
88_49715639_sleeve_length_type,INVALID
88_49719709_sleeve_length_type,INVALID
88_49724932_sleeve_length_type,Larga
88_49712195_sleeve_length_type,Corta
88_49729152_sleeve_length_type,INVALID
88_49719800_sleeve_length_type,INVALID
88_49718621_sleeve_length_type,Larga
88_49717728_sleeve_length_type,INVALID
88_49724139_sleeve_length_type,INVALID
88_49725177_sleeve_length_type,Sin Manga
88_49711330_sleeve_length_type,Larga
88_49731275_sleeve_length_type,Corta
88_49713628_sleeve_length_type,INVALID
88_49713358_sleeve_length_type,INVALID
88_49709829_sleeve_length_type,INVALID
88_49727790_sleeve_length_type,INVALID
88_49717323_sleeve_length_type,INVALID
88_49733154_sleeve_length_type,Tirante Fino
88_49728511_sleeve_length_type,INVALID
88_49728468_sleeve_length_type,INVALID
88_49708347_sleeve_length_type,Larga
88_49719636_sleeve_length_type,INVALID
88_49726847_sleeve_length_type,INVALID
88_49719151_sleeve_length_type,Larga
88_49717988_sleeve_length_type,INVALID
88_49726185_sleeve_length_type,Sin Manga
88_49722754_sleeve_length_type,Larga
88_49718987_sleeve_length_type,Larga
88_49718137_sleeve_length_type,Corta
88_49732973_sleeve_length_type,Larga
88_49712732_sleeve_length_type,INVALID
88_49722057_sleeve_length_type,INVALID
88_49714008_sleeve_length_type,INVALID
88_49722759_sleeve_length_type,Larga
88_49715040_sleeve_length_type,INVALID
88_49735784_sleeve_length_type,INVALID
88_49720074_sleeve_length_type,INVALID
88_49729339_sleeve_length_type,INVALID
88_49711209_sleeve_length_type,INVALID
88_49717317_sleeve_length_type,INVALID
88_49712192_sleeve_length_type,Corta
88_49727308_sleeve_length_type,INVALID
88_49714682_sleeve_length_type,INVALID
88_49712563_sleeve_length_type,INVALID
88_49713097_sleeve_length_type,Larga
88_49713617_sleeve_length_type,Larga
88_49713919_sleeve_length_type,INVALID
88_49728678_sleeve_length_type,Corta
88_49712183_sleeve_length_type,Larga
88_49708543_sleeve_length_type,INVALID
88_49728115_sleeve_length_type,INVALID
88_49729944_sleeve_length_type,INVALID
88_49721667_sleeve_length_type,INVALID
88_49719688_sleeve_length_type,INVALID
88_49714075_sleeve_length_type,Larga
88_49733145_sleeve_length_type,Larga
88_49734805_sleeve_length_type,INVALID
88_49709581_sleeve_length_type,INVALID
88_49732114_sleeve_length_type,Corta
88_49713921_sleeve_length_type,Larga
88_49718983_sleeve_length_type,Corta
88_49710592_sleeve_length_type,Larga
88_49723143_sleeve_length_type,Corta
88_49726838_sleeve_length_type,Larga
88_49723776_sleeve_length_type,INVALID
88_49732105_sleeve_length_type,Corta
88_49712870_sleeve_length_type,INVALID
88_49721730_sleeve_length_type,Larga
88_49720706_sleeve_length_type,INVALID
88_49728620_sleeve_length_type,Tres Cuartos
88_49732366_sleeve_length_type,INVALID
88_49721742_sleeve_length_type,INVALID
88_49713955_sleeve_length_type,INVALID
88_49722698_sleeve_length_type,Larga
88_49711132_sleeve_length_type,INVALID
88_49714959_sleeve_length_type,Larga
88_49725227_sleeve_length_type,Corta
88_49729736_sleeve_length_type,INVALID
88_49710203_sleeve_length_type,INVALID
88_49729141_sleeve_length_type,Sin Manga
88_49724241_sleeve_length_type,Larga
88_49707697_sleeve_length_type,Larga
88_49713564_sleeve_length_type,INVALID
88_49719678_sleeve_length_type,Corta
88_49723298_sleeve_length_type,INVALID
88_49716115_sleeve_length_type,INVALID
88_49729292_sleeve_length_type,Corta
88_49714738_sleeve_length_type,INVALID
88_49720041_sleeve_length_type,Larga
88_49709451_sleeve_length_type,INVALID
88_49728927_sleeve_length_type,INVALID
88_49723896_sleeve_length_type,Larga
88_49717046_sleeve_length_type,Larga
88_49731395_sleeve_length_type,INVALID
